Course	Room	Teacher	Time	Students
1		52	2	30 56 63 77 125 168 178 196 266 279 303 355 467 493 726 759 798 800 814 863 870 939 1102 1169 1250 1286 1291 1293 1339 1359 1377 1424 1433 1435 1457 1812 1892 1937 1983 2104 2203 2212 2289 2291 2315 2380 2531 2550 2649 2747 2757 2836 
2		44	4	119 122 157 169 223 256 272 420 431 602 689 703 718 790 883 907 977 979 1033 1055 1170 1181 1208 1328 1348 1349 1474 1502 1574 1597 1632 1651 1727 1748 1753 1783 1829 1832 1856 1900 2083 2089 2092 2095 2158 2332 2397 2422 2602 2609 2780 2831 2837 2932 
3		44	1	4 10 144 155 199 274 276 336 392 405 411 502 580 583 603 605 606 711 749 751 773 921 1000 1030 1037 1057 1075 1120 1169 1184 1244 1263 1310 1348 1410 1450 1462 1464 1472 1480 1538 1539 1569 1573 1595 1616 1628 1686 1740 1770 1776 1792 1810 1819 1902 1977 1985 2034 2037 2096 2116 2155 2222 2237 2318 2338 2344 2394 2489 2503 2559 2603 2673 2697 2701 2755 2791 2841 2844 2943 2986 
4		66	3	50 185 214 239 257 258 271 343 351 440 494 537 587 633 655 656 691 747 758 802 815 849 885 914 956 968 1275 1326 1332 1337 1575 1633 1700 1759 1791 1808 1838 1845 1998 2117 2191 2315 2316 2376 2385 2391 2418 2448 2497 2499 2505 2524 2694 2805 2911 2921 2945 2990 2993 
5		79	1	44 79 154 192 403 475 503 566 655 659 719 783 842 908 912 969 1004 1047 1055 1091 1122 1128 1139 1207 1305 1306 1311 1547 1627 1635 1640 1656 1726 2022 2033 2077 2086 2189 2207 2214 2232 2286 2323 2346 2402 2410 2430 2470 2476 2536 2542 2548 2672 2800 2839 2843 2896 2928 2936 
6		1	2	86 98 111 152 173 242 253 285 286 366 378 401 424 430 455 576 671 728 737 779 864 966 999 1026 1056 1107 1120 1142 1176 1205 1237 1257 1267 1385 1392 1499 1682 1703 1717 1734 1805 1817 1840 1859 2003 2077 2107 2139 2186 2300 2301 2342 2360 2382 2398 2418 2501 2542 2556 2617 2625 2702 2707 2716 2846 2912 2943 
7		78	5	10 16 36 63 121 123 197 233 320 325 389 419 428 455 477 481 509 536 694 762 800 838 918 975 996 1052 1067 1092 1136 1230 1231 1335 1340 1344 1379 1419 1436 1473 1554 1603 1619 1632 1794 1864 1908 1953 1995 2059 2084 2134 2175 2241 2247 2344 2349 2391 2483 2486 2607 2707 2781 2804 2852 2942 2982 2996 
8		57	1	27 112 116 132 138 198 225 242 418 513 671 725 864 913 1043 1173 1248 1267 1268 1292 1337 1356 1508 1630 1680 1682 1758 1759 1796 1833 1866 1868 1901 1912 1960 1969 2141 2144 2151 2362 2434 2488 2551 2571 2622 2749 2771 2776 2788 2958 2994 
9		98	10	62 80 94 103 125 153 182 264 334 341 351 358 386 388 413 520 531 543 611 673 695 816 826 841 898 960 1013 1071 1160 1207 1231 1276 1385 1431 1505 1530 1533 1643 1701 1711 1719 1722 1792 1914 1943 1950 2035 2073 2103 2199 2260 2316 2330 2400 2456 2458 2538 2659 2666 2749 2793 2812 2946 
10		90	4	60 131 224 242 254 300 370 381 434 472 547 680 726 740 779 860 901 921 991 1000 1002 1270 1319 1353 1427 1606 1685 1749 1815 1978 2037 2218 2236 2313 2532 2591 2596 2611 2630 2739 2789 2799 2809 2914 2923 
11		46	3	25 40 159 215 217 295 444 523 538 551 667 669 688 761 777 909 1109 1113 1119 1131 1248 1249 1265 1320 1351 1376 1389 1416 1525 1562 1602 1644 1720 1771 1814 1830 1841 1911 1967 1976 1982 2069 2177 2230 2253 2275 2288 2290 2334 2345 2406 2428 2515 2561 2609 2734 2826 2965 
12		100	9	27 83 95 187 233 263 321 346 474 586 609 612 657 706 719 814 890 917 952 1005 1054 1083 1167 1175 1182 1221 1245 1302 1316 1327 1333 1391 1509 1749 1802 1963 1980 2057 2063 2107 2124 2150 2154 2244 2359 2396 2442 2454 2484 2688 2701 2868 2897 
13		77	5	8 41 65 127 146 151 213 226 314 330 414 530 577 579 670 696 726 787 824 844 861 922 981 982 997 1018 1025 1093 1099 1106 1109 1150 1301 1323 1326 1334 1446 1514 1638 1646 1672 1713 1788 1879 1949 1970 2052 2197 2219 2233 2265 2270 2279 2328 2420 2481 2485 2523 2565 2591 2648 2714 2754 2847 2876 2878 
14		81	6	3 30 37 170 191 226 254 435 573 586 623 694 707 772 856 879 881 1014 1024 1042 1073 1103 1104 1192 1234 1242 1262 1282 1298 1420 1549 1668 1706 1784 1834 1890 1933 1988 2054 2058 2111 2165 2167 2239 2261 2280 2371 2420 2446 2452 2509 2513 2598 2612 2660 2671 2683 2690 2732 2811 2858 2990 
15		19	10	20 39 79 148 228 233 262 336 346 445 545 563 566 588 662 715 751 772 815 906 977 1187 1318 1349 1355 1380 1490 1623 1680 1729 1735 1757 1789 1867 1885 1977 2004 2005 2026 2040 2118 2289 2326 2441 2474 2563 2602 2687 2702 2752 2765 2854 2910 2937 2980 2991 
16		16	8	34 59 78 297 362 423 465 536 644 698 761 770 934 952 998 1007 1027 1098 1183 1212 1261 1360 1368 1511 1514 1521 1569 1652 1690 1715 1734 1808 2024 2060 2194 2207 2258 2261 2287 2329 2345 2418 2444 2487 2564 2625 2642 2681 2685 2890 
17		99	1	90 113 209 241 245 323 341 342 409 430 512 528 536 579 662 836 848 900 1036 1053 1142 1200 1204 1220 1234 1251 1296 1346 1366 1549 1614 1615 1631 1697 1719 1786 1950 1959 1966 2003 2012 2028 2255 2350 2404 2456 2474 2478 2632 2643 2653 2756 2878 2906 2916 2951 2979 
18		91	8	142 171 204 316 372 458 534 571 679 762 769 798 823 846 859 865 945 970 1056 1069 1086 1101 1165 1185 1259 1278 1319 1402 1466 1495 1501 1554 1562 1624 1635 1654 1661 1773 1787 1848 1975 2012 2131 2293 2316 2385 2393 2442 2498 2537 2543 2666 2703 2789 2835 2839 2853 2920 
19		91	7	96 110 208 221 283 330 331 413 444 456 488 521 618 658 857 892 903 944 979 1018 1123 1124 1317 1400 1407 1420 1527 1539 1650 1711 1837 1842 1865 1880 1955 2008 2067 2109 2120 2151 2235 2323 2335 2336 2459 2464 2484 2503 2527 2622 2726 2739 2825 2828 2834 2850 2877 2967 
20		60	4	42 160 236 253 293 360 367 411 491 533 544 688 690 712 750 759 847 879 908 942 1015 1084 1151 1152 1156 1198 1215 1263 1387 1533 1536 1537 1540 1610 1707 1750 1793 1860 1883 1885 1892 1949 2071 2096 2185 2253 2465 2468 2563 2615 2668 2841 2885 2886 2941 
21		99	11	106 127 137 138 142 176 213 282 350 518 597 649 655 659 811 866 896 929 957 1032 1106 1190 1242 1295 1531 1554 1590 1637 1643 1781 1844 1877 1895 1917 1942 2122 2161 2273 2283 2392 2492 2651 2722 2743 2831 2863 2868 2871 2896 2934 
22		63	8	11 71 149 209 327 340 375 468 511 546 607 660 741 889 915 916 1001 1058 1104 1166 1257 1283 1375 1544 1691 1741 1747 1755 1778 1825 1857 1884 1928 1951 1982 1995 2058 2074 2087 2156 2344 2364 2408 2453 2463 2477 2483 2528 2553 2574 2585 2723 2760 2837 2852 2867 2927 2946 2976 2993 
23		47	5	27 28 29 264 280 357 402 404 420 422 525 624 709 965 1127 1148 1176 1259 1262 1297 1480 1581 1613 1636 1744 1792 1804 1807 1833 1911 2020 2025 2030 2129 2165 2238 2321 2348 2356 2435 2475 2578 2586 2681 2699 2762 2808 2819 2875 2887 2938 
24		77	14	17 43 82 87 115 161 213 235 259 414 482 492 584 596 684 695 697 722 732 743 744 797 948 952 1005 1069 1079 1187 1289 1335 1347 1389 1403 1417 1422 1443 1621 1633 1832 1850 1852 1859 1917 1931 1974 2149 2175 2201 2224 2266 2332 2350 2429 2434 2471 2477 2743 2759 2774 2781 2786 2818 2820 
25		88	4	29 86 165 175 193 195 199 237 311 318 347 468 529 598 633 754 805 828 836 875 876 903 980 1063 1123 1259 1266 1279 1390 1449 1454 1466 1507 1544 1578 1612 1657 1696 1705 1709 1779 1928 1951 1968 1977 1990 2008 2111 2194 2226 2339 2357 2386 2414 2503 2528 2564 2575 2587 2604 2618 2639 2652 2721 2737 2738 2747 2950 2957 2968 2970 
26		95	1	11 32 114 145 250 299 328 522 542 555 665 735 799 893 924 959 1017 1054 1059 1076 1084 1087 1196 1242 1245 1254 1494 1515 1517 1519 1541 1597 1677 1817 1875 1883 1943 1971 1994 2041 2196 2269 2325 2381 2620 2630 2636 2690 2803 2948 
27		49	16	66 85 87 100 200 294 359 464 499 527 565 583 601 694 717 741 743 755 843 927 940 970 1116 1128 1170 1194 1195 1202 1235 1236 1255 1478 1487 1493 1514 1537 1543 1550 1574 1645 1689 1690 1710 1743 1783 1824 1858 1921 1940 1941 1967 2027 2085 2163 2189 2229 2325 2331 2401 2433 2463 2496 2502 2595 2630 2654 2695 2762 2796 2888 2911 2926 
28		6	8	43 188 232 324 367 470 532 597 672 683 716 765 796 978 979 1062 1082 1132 1142 1157 1210 1239 1345 1387 1448 1456 1523 1567 1605 1614 1634 1667 1669 1702 1742 1813 1831 1863 1973 2014 2081 2169 2177 2180 2327 2349 2360 2369 2390 2514 2596 2601 2614 2706 2707 2777 2825 2855 2880 
29		98	7	17 19 47 87 286 312 328 365 491 614 692 758 776 820 829 833 948 1044 1081 1096 1107 1155 1199 1215 1240 1270 1391 1464 1522 1547 1663 1671 1862 1870 1907 1956 2019 2072 2164 2190 2281 2507 2547 2589 2626 2635 2711 2808 2822 2923 2983 2994 
30		85	2	46 82 107 201 356 379 387 410 472 473 497 583 600 619 664 666 674 734 833 909 938 943 967 1023 1065 1147 1177 1201 1217 1246 1264 1314 1321 1490 1504 1510 1594 1620 1691 1751 1822 1835 1853 1866 1890 1891 1899 1905 1916 1946 2105 2147 2264 2278 2343 2485 2541 2628 2678 2738 2784 2942 2951 2953 2958 
31		78	16	31 49 52 73 84 122 165 172 174 202 376 449 475 560 598 654 679 729 756 782 792 814 826 832 888 947 950 1068 1192 1240 1265 1273 1318 1458 1625 1736 1778 1788 1820 1855 1988 2015 2122 2149 2158 2178 2276 2297 2369 2390 2577 2592 2607 2645 2660 2665 2675 2697 2822 2832 2856 2859 2869 2900 2909 3000 
32		15	11	63 107 194 220 263 281 296 302 356 369 462 516 535 579 588 589 599 676 725 753 830 852 961 982 986 1029 1037 1055 1125 1132 1181 1182 1241 1325 1339 1485 1567 1623 1627 1673 1694 1747 1948 1965 1971 2039 2073 2081 2088 2099 2118 2234 2282 2309 2327 2340 2421 2578 2625 2636 2769 2771 2775 2908 2936 2959 
33		7	22	112 137 146 158 212 317 342 357 393 398 402 427 435 451 463 674 752 765 792 839 871 879 883 907 927 956 1008 1039 1064 1077 1106 1125 1143 1176 1238 1258 1275 1415 1460 1513 1588 1609 1635 1641 1657 1673 1685 1710 1720 1744 1761 1904 1924 1926 1979 2020 2080 2131 2137 2153 2175 2280 2380 2436 2483 2585 2628 2727 2789 2918 2960 
34		13	12	158 264 348 372 429 492 530 580 588 703 841 861 913 947 957 991 992 993 998 1043 1068 1078 1317 1346 1440 1459 1488 1491 1559 1597 1661 1884 2028 2052 2083 2112 2234 2319 2372 2417 2421 2441 2473 2482 2515 2556 2589 2599 2603 2676 2694 2784 2800 2825 2856 2947 2991 3000 
35		23	2	28 139 216 293 386 476 481 505 530 540 542 606 613 681 693 705 712 751 760 767 774 895 902 980 1033 1047 1058 1074 1146 1157 1232 1261 1272 1283 1310 1365 1379 1401 1460 1526 1527 1565 1662 1712 1800 1831 1871 1920 1955 1975 2048 2051 2070 2150 2166 2169 2177 2200 2232 2244 2257 2302 2322 2368 2586 2657 2724 2768 2885 2902 2996 
36		16	3	22 89 97 128 165 202 254 264 267 408 433 516 610 681 737 746 783 809 824 845 940 1029 1089 1090 1098 1124 1168 1373 1439 1463 1508 1509 1519 1577 1585 1601 1613 1685 1818 2066 2102 2110 2144 2249 2304 2381 2396 2504 2529 2546 2583 2641 2678 2746 2765 2877 
37		58	20	11 34 50 183 189 335 353 448 475 574 660 661 733 736 751 827 845 860 933 960 999 1018 1057 1090 1097 1113 1210 1227 1270 1320 1326 1354 1405 1440 1529 1536 1588 1589 1695 1703 1785 1806 1847 1899 1904 1909 2068 2091 2127 2228 2251 2375 2382 2419 2445 2473 2573 2598 2618 2679 2688 2731 2752 2779 2785 2799 2800 2867 2919 2948 2955 2963 
38		75	16	23 35 69 109 197 408 438 489 521 551 589 716 747 807 873 917 938 1010 1050 1057 1082 1089 1203 1433 1447 1502 1576 1655 1722 1871 1903 1922 1965 2040 2053 2088 2143 2220 2246 2413 2425 2452 2501 2558 2567 2591 2622 2641 2647 2664 2719 2766 2792 2811 2851 2865 
39		70	12	54 62 130 197 208 313 370 377 458 496 513 545 553 610 631 691 727 731 895 951 1095 1119 1150 1434 1439 1512 1528 1568 1582 1645 1682 1708 1815 1836 2035 2046 2050 2291 2331 2356 2361 2381 2423 2490 2586 2632 2666 2696 2783 2851 2918 2989 2999 
40		9	3	47 48 60 72 111 123 235 248 357 507 643 662 678 708 757 764 770 801 925 931 932 933 955 969 973 1001 1013 1070 1104 1428 1465 1487 1515 1558 1654 1687 1836 1858 2029 2047 2179 2251 2292 2305 2324 2401 2463 2557 2587 2590 2761 2770 2845 2865 2899 2915 
41		37	11	26 80 114 166 329 353 411 428 436 453 550 607 619 660 700 721 776 993 1024 1026 1042 1202 1225 1272 1409 1411 1484 1521 1559 1631 1633 1662 1692 1848 1905 1937 1962 1989 2003 2015 2059 2104 2121 2126 2162 2265 2359 2524 2538 2557 2564 2691 2745 2749 2770 2848 2890 2902 2995 
42		67	14	2 81 128 130 142 187 304 306 377 452 494 501 650 658 670 714 800 818 908 1016 1028 1140 1165 1229 1271 1278 1361 1451 1453 1475 1476 1507 1553 1636 1725 1755 1990 2102 2124 2157 2272 2273 2310 2328 2369 2473 2500 2560 2606 2617 2702 2705 2753 2813 2974 
43		8	5	56 90 102 185 189 388 390 643 823 1032 1191 1227 1299 1356 1442 1458 1489 1542 1569 1608 1647 1698 1708 1773 1774 1857 1869 1916 2142 2169 2351 2374 2407 2460 2655 2710 2763 
44		87	7	93 112 141 236 292 296 421 443 457 512 523 703 748 860 893 1001 1045 1176 1180 1228 1256 1370 1412 1418 1450 1506 1532 1534 1651 1771 1809 1821 1827 1830 1879 2133 2153 2222 2397 2449 2462 2466 2575 2601 2693 2770 2809 2848 2866 2874 2895 2916 2922 2941 2985 
45		59	13	34 43 72 88 134 159 170 209 269 280 292 392 440 460 558 575 596 819 831 847 876 881 930 953 1004 1048 1071 1079 1126 1130 1171 1210 1218 1228 1335 1340 1359 1488 1511 1548 1612 1625 1687 1745 1844 1848 1875 1890 1895 1897 2031 2123 2132 2186 2216 2278 2303 2475 2529 2588 2673 2775 2815 2912 2975 
46		64	6	15 36 415 493 553 582 624 636 794 795 941 946 990 1112 1283 1308 1387 1401 1479 1617 1655 1674 1780 1799 1879 1939 2001 2025 2039 2113 2130 2214 2273 2330 2378 2425 2442 2478 2482 2506 2543 2581 2593 2670 2677 2747 2757 2763 2773 2944 2965 2996 
47		96	17	103 140 147 158 165 179 276 298 426 590 680 809 1012 1091 1120 1127 1355 1388 1391 1439 1445 1466 1488 1509 1637 1713 1731 1760 1829 1862 1967 1993 2018 2079 2206 2215 2292 2301 2302 2304 2319 2394 2553 2579 2611 2644 2667 2741 2786 2787 2875 2938 2977 
48		61	18	17 49 95 101 143 174 186 194 244 254 302 536 566 594 637 675 678 697 752 773 778 787 809 811 890 894 897 898 938 976 1006 1016 1041 1157 1271 1290 1410 1437 1445 1448 1480 1572 1595 1613 1618 1730 1734 1741 1756 1762 1785 1872 1900 1930 1941 2047 2068 2185 2280 2300 2450 2516 2527 2598 2679 2793 2889 2905 
49		29	10	21 75 191 222 332 359 360 396 416 522 548 655 807 859 863 872 873 886 897 916 983 986 995 1149 1320 1411 1466 1549 1557 1577 1617 1662 1731 1734 1766 1772 1778 1986 2002 2007 2011 2038 2049 2059 2061 2109 2157 2281 2285 2296 2310 2311 2331 2420 2454 2482 2530 2582 2603 2647 2648 2676 2685 2715 2748 2855 2902 2904 2928 
50		94	15	66 99 107 123 176 207 348 371 407 437 528 693 727 762 822 824 827 867 875 920 962 1180 1350 1361 1499 1564 1676 1724 1760 1899 1945 1999 2029 2057 2087 2208 2322 2411 2414 2512 2554 2603 2668 2753 2894 2963 2965 2981 
51		95	9	52 69 92 173 180 260 511 549 556 626 715 868 903 931 946 978 985 1024 1060 1216 1229 1241 1254 1289 1321 1425 1471 1497 1653 1708 1750 1755 1845 1871 1924 2002 2056 2196 2230 2250 2342 2375 2426 2455 2476 2491 2580 2605 2680 2740 2787 2814 2911 2913 2930 2984 
52		86	20	5 104 136 146 222 322 394 409 415 418 432 439 546 601 623 642 854 884 896 989 1140 1161 1324 1347 1428 1433 1481 1486 1500 1512 1544 1554 1579 1679 1711 1727 1774 1809 1824 1827 1935 1983 2004 2017 2056 2073 2119 2142 2180 2182 2326 2434 2490 2559 2574 2674 2685 2698 2827 2836 2850 2858 2888 2893 2924 2950 2992 
53		24	13	75 97 147 148 198 252 279 370 416 428 436 559 569 615 639 812 814 845 951 999 1000 1050 1092 1144 1145 1183 1299 1304 1370 1496 1570 1660 1710 1770 1877 1894 1917 1952 2100 2120 2129 2176 2195 2277 2285 2326 2528 2611 2725 2860 2933 2939 2956 2967 
54		89	26	7 15 97 113 129 141 151 215 266 271 342 446 450 528 540 543 567 591 648 656 676 696 724 735 829 865 1011 1019 1072 1116 1135 1250 1252 1253 1281 1329 1369 1461 1478 1504 1544 1556 1566 1597 1653 1721 1732 1752 1834 1887 1999 2110 2165 2255 2259 2364 2441 2458 2461 2467 2558 2567 2576 2668 2825 2835 2870 2894 2961 2988 
55		81	17	5 12 41 105 106 135 191 223 247 289 290 337 464 483 515 647 791 796 912 950 961 966 974 975 1026 1147 1161 1178 1199 1241 1243 1258 1281 1302 1325 1356 1386 1407 1438 1490 1508 1575 1771 1805 1948 1969 2046 2104 2136 2210 2270 2314 2337 2395 2447 2449 2471 2472 2486 2546 2552 2626 2702 2739 2978 
56		3	15	30 88 139 153 232 266 273 314 351 362 469 479 500 531 537 548 587 596 617 621 646 701 720 750 757 806 877 916 974 986 1006 1014 1023 1073 1183 1228 1308 1468 1628 1678 1739 1936 2007 2019 2033 2124 2203 2238 2253 2276 2279 2298 2329 2343 2357 2370 2387 2391 2399 2405 2412 2521 2532 2602 2644 2689 2743 2744 2766 2888 2889 2960 
57		18	12	4 91 157 164 179 287 288 359 394 400 461 463 514 567 581 600 638 641 769 807 835 945 1003 1048 1146 1296 1397 1400 1409 1424 1430 1501 1738 1763 1769 1819 1838 1872 1952 2146 2185 2256 2294 2440 2480 2591 2593 2652 2716 2729 2812 2852 2957 2962 
58		36	21	44 170 175 182 248 251 325 391 527 552 647 686 695 748 789 819 827 890 988 1102 1115 1186 1214 1231 1369 1399 1422 1434 1446 1609 1660 1683 1750 1769 1806 1823 1893 1902 2023 2067 2073 2082 2123 2138 2221 2228 2276 2349 2358 2380 2417 2476 2592 2631 2672 2682 2724 2735 2837 2870 
59		35	15	3 12 36 68 204 237 290 315 320 399 425 449 454 456 460 658 719 775 799 803 851 868 900 919 943 1029 1041 1094 1194 1198 1206 1299 1395 1498 1540 1573 1667 1754 1768 1882 1901 1927 1973 1991 2006 2112 2144 2285 2356 2443 2511 2567 2594 2597 2620 2736 2751 
60		19	9	54 114 227 229 251 256 387 389 445 462 562 664 679 713 782 940 955 964 1012 1058 1127 1197 1252 1288 1366 1384 1401 1433 1492 1522 1553 1584 1590 1645 1649 1721 1794 1810 1840 1906 1978 2017 2058 2078 2318 2327 2374 2390 2589 2593 2628 2781 2899 2904 2914 2970 
61		75	23	8 225 326 375 435 509 544 577 580 658 686 733 761 832 1215 1233 1316 1339 1364 1415 1429 1440 1448 1472 1483 1505 1512 1620 1717 1754 1786 1798 1937 2055 2056 2076 2095 2214 2286 2337 2386 2388 2466 2525 2638 2710 2731 2735 2756 2834 2862 2915 2934 2937 2951 
62		87	20	22 167 195 232 265 391 434 456 470 477 629 634 673 713 994 1123 1133 1136 1143 1585 1668 1738 1751 1756 1787 1832 1873 1928 1998 2001 2047 2059 2136 2159 2212 2342 2464 2475 2512 2514 2599 2633 2663 2664 2734 2778 2935 
63		14	15	32 63 78 152 349 390 426 448 471 486 567 599 614 635 862 871 973 984 1038 1116 1129 1138 1143 1171 1223 1280 1294 1415 1608 1699 1701 1733 1761 1798 1883 1886 1898 1965 2075 2098 2140 2163 2295 2341 2353 2467 2485 2650 2654 2732 2761 2768 2813 2821 2918 2966 
64		14	6	40 153 307 562 590 644 709 752 758 770 801 888 899 948 1004 1008 1011 1036 1039 1044 1079 1158 1222 1334 1405 1489 1501 1502 1572 1601 1738 1841 1972 2089 2119 2134 2140 2286 2384 2492 2517 2544 2649 2696 2745 2820 2870 2979 
65		15	14	50 109 148 162 253 265 274 391 487 567 687 731 745 844 861 892 1003 1007 1063 1118 1142 1188 1365 1370 1386 1432 1455 1603 1728 1764 1845 1851 1909 1975 1992 2053 2055 2195 2398 2406 2484 2557 2572 2590 2595 2620 2700 2794 2889 2907 2929 2958 
66		82	11	39 57 183 211 288 307 461 479 488 541 648 675 687 699 749 787 808 844 889 897 1040 1144 1152 1198 1219 1292 1300 1345 1373 1434 1496 1499 1538 1571 1596 1652 1664 1671 1737 1780 1858 1908 1914 1938 1972 1976 1981 1987 2062 2189 2210 2247 2263 2288 2306 2354 2379 2383 2409 2480 2612 2643 2658 2707 2818 2821 2833 2874 2889 2919 2943 2985 2992 
67		20	5	4 80 163 168 309 312 339 348 380 441 478 504 640 849 852 1021 1167 1251 1314 1319 1333 1372 1392 1452 1453 1481 1566 1598 1717 1880 1940 1957 2102 2193 2254 2416 2437 2440 2526 2605 2790 2882 2933 2977 
68		45	10	33 56 167 181 212 230 297 382 383 395 468 595 618 649 743 787 840 855 1113 1141 1182 1214 1297 1364 1370 1373 1393 1608 1671 1732 1753 1796 1818 1916 1921 1934 1967 2097 2198 2206 2215 2328 2332 2383 2384 2389 2457 2509 2539 2640 2689 2801 2803 2901 2929 2932 2941 2952 
69		40	22	80 85 148 193 230 263 305 326 389 418 447 467 514 529 547 549 593 625 637 645 668 680 892 909 960 990 1023 1193 1212 1270 1393 1408 1535 1550 1594 1598 1688 1786 1823 1874 1881 1895 1929 1949 1966 2071 2181 2218 2279 2450 2504 2527 2562 2619 2630 2714 2756 2821 2910 2929 2966 
70		94	9	93 105 110 131 154 222 238 258 261 270 277 320 369 432 480 519 522 545 558 617 688 794 881 922 947 1022 1063 1150 1295 1314 1409 1421 1477 1552 1601 1611 1716 1735 1793 1822 1935 1942 1961 1996 2043 2075 2093 2173 2183 2207 2243 2252 2274 2328 2393 2461 2469 2563 2622 2669 2815 2829 2910 2926 2929 2969 
71		34	26	20 22 53 131 344 371 460 492 612 652 701 722 740 797 798 850 853 854 1100 1204 1228 1340 1344 1375 1436 1479 1508 1584 1607 1650 1657 1661 1666 1694 1731 1739 1742 1820 1839 1907 1918 1997 2064 2109 2151 2240 2262 2282 2424 2426 2450 2533 2598 2609 2633 2721 2860 2863 2864 2938 2989 2991 
72		60	19	26 119 126 178 294 311 343 392 394 462 502 555 616 657 686 700 731 777 782 959 1007 1039 1043 1051 1225 1315 1323 1357 1358 1383 1389 1449 1498 1640 1725 1743 1762 1773 1849 1858 1918 1992 2038 2043 2201 2208 2213 2321 2337 2403 2422 2472 2489 2507 2646 2701 2731 2880 2961 2985 3000 
73		23	18	25 60 69 119 166 224 343 421 525 561 592 661 668 772 796 806 817 820 913 918 929 1062 1139 1232 1328 1350 1396 1518 1567 1639 1757 1898 2027 2074 2085 2166 2249 2279 2339 2423 2433 2506 2626 2737 2792 2798 2859 
74		2	22	24 42 206 239 278 285 329 574 578 665 769 815 1116 1223 1231 1260 1262 1309 1419 1457 1477 1506 1524 1602 1713 1836 1839 1862 1972 1977 1986 2078 2117 2130 2223 2237 2255 2409 2420 2523 2530 2618 2636 2662 2663 2717 2828 2856 2878 2968 2973 2985 
75		32	19	156 177 183 214 220 312 340 383 406 489 490 532 535 651 684 717 746 850 894 968 997 1065 1078 1094 1129 1163 1184 1188 1269 1360 1375 1394 1396 1432 1435 1474 1540 1586 1604 1612 1665 1691 1763 1887 1888 1926 1980 2017 2094 2224 2229 2317 2334 2338 2359 2465 2501 2520 2543 2581 2589 2679 2719 2826 2829 2844 2857 2872 2926 2931 2936 
76		90	26	3 38 41 64 77 124 162 211 223 302 305 311 332 413 439 479 523 549 556 571 619 682 771 878 887 1014 1088 1129 1184 1232 1400 1525 1570 1572 1637 1663 1699 1829 1878 2012 2055 2167 2192 2200 2239 2250 2291 2294 2316 2318 2350 2457 2508 2516 2545 2590 2602 2694 2767 2792 2907 2923 2949 2972 2978 
77		67	24	9 150 163 169 204 216 299 429 443 519 577 663 821 822 857 865 873 883 915 1009 1078 1086 1138 1153 1154 1302 1367 1484 1510 1520 1536 1570 1586 1659 1746 1754 1777 1780 1808 1877 1961 2009 2029 2033 2110 2200 2202 2340 2352 2414 2526 2555 2583 2593 2634 2678 2822 2832 2849 2959 
78		50	21	74 83 112 259 288 290 308 358 406 508 585 783 851 862 877 899 928 932 977 1059 1110 1159 1259 1331 1336 1390 1392 1400 1516 1556 1605 1612 1732 1749 1792 1800 1815 1846 1860 2021 2033 2234 2297 2329 2572 2726 2747 2908 2909 2922 2952 
79		25	10	36 134 146 184 194 206 246 261 282 288 467 472 527 537 696 766 817 887 971 1012 1018 1023 1042 1109 1248 1277 1352 1405 1581 1591 1595 1599 1666 1679 1697 1720 1801 1804 1901 1904 1910 1939 1953 1958 1968 1994 2043 2056 2183 2187 2227 2251 2312 2466 2665 2675 2688 2705 2709 2745 2750 2766 2771 2780 2783 2819 2840 2862 2892 2945 2992 
80		100	20	3 8 171 177 206 240 318 326 364 471 473 483 495 502 506 512 522 625 829 849 868 874 953 992 1034 1069 1135 1243 1307 1383 1389 1421 1423 1511 1521 1545 1560 1823 1826 2031 2045 2106 2190 2223 2252 2286 2348 2351 2498 2513 2535 2614 2656 2729 2853 2891 2944 2964 2969 
81		13	25	59 145 378 388 419 470 488 508 585 765 794 802 803 841 864 932 984 994 1019 1075 1124 1213 1243 1311 1332 1377 1408 1430 1431 1436 1465 1559 1641 1722 1800 1812 1826 1898 1964 2005 2050 2085 2097 2100 2170 2431 2443 2504 2544 2555 2559 2560 2656 2731 2779 2804 
82		1	14	105 133 186 198 249 279 346 360 392 397 508 509 524 541 647 672 708 764 780 941 1038 1093 1099 1122 1280 1327 1372 1376 1408 1559 1561 1613 1658 1744 1828 1983 1985 2001 2046 2074 2087 2126 2146 2150 2269 2493 2525 2608 2633 2726 2782 2920 2940 
83		38	23	25 127 156 162 192 210 221 239 260 275 293 403 450 494 501 502 526 559 610 664 687 697 1111 1138 1287 1317 1330 1349 1381 1464 1484 1489 1510 1534 1606 1700 1752 1857 1929 1984 1990 2016 2065 2079 2084 2213 2223 2245 2252 2268 2281 2295 2296 2305 2306 2362 2367 2421 2659 2660 2772 2799 2836 2873 2998 
84		21	24	133 140 152 210 230 246 350 355 366 376 390 478 671 793 927 1010 1114 1123 1174 1253 1274 1276 1352 1391 1437 1519 1675 1680 1705 1715 1764 1790 2054 2071 2091 2147 2216 2238 2252 2322 2330 2347 2402 2405 2437 2456 2573 2597 2865 2899 2954 2967 
85		49	10	9 16 57 72 118 225 234 272 318 378 501 542 553 591 598 638 742 1061 1150 1205 1223 1382 1390 1422 1459 1638 1641 1681 1723 1724 1727 1746 1781 1797 1807 1844 1855 1861 1868 1936 1971 1985 2010 2014 2027 2069 2105 2128 2134 2151 2154 2172 2354 2422 2621 2774 2802 2843 2967 
86		83	15	24 70 121 234 249 329 364 387 400 447 458 520 622 628 673 676 819 838 869 889 956 958 1061 1093 1141 1148 1151 1158 1200 1208 1230 1376 1414 1600 1609 1626 1700 1709 1861 1912 1939 1974 1988 2060 2100 2117 2174 2176 2194 2205 2245 2303 2381 2500 2537 2570 2616 2621 2638 2674 2709 2764 2794 2795 2906 2936 
87		31	7	151 155 180 263 277 284 372 377 573 628 724 737 804 837 908 911 942 973 1020 1050 1185 1285 1315 1353 1381 1429 1540 1670 1673 1804 1943 1959 1982 1993 2009 2014 2035 2106 2108 2111 2115 2226 2227 2267 2271 2333 2377 2495 2670 2683 2758 2777 2779 2846 2847 2860 2910 2919 
88		42	5	89 249 268 331 391 395 459 486 535 682 725 766 828 869 871 874 942 1006 1031 1045 1070 1108 1131 1166 1209 1245 1293 1545 1574 1593 1600 1743 1769 1795 2070 2095 2243 2372 2388 2433 2520 2580 2610 2687 2700 2767 2853 2931 2975 
89		30	7	81 297 315 344 347 386 401 436 558 564 592 622 645 757 798 937 946 1013 1033 1105 1121 1125 1131 1203 1281 1329 1486 1515 1556 1582 1610 1679 1826 1836 1849 1852 1881 1923 1926 1966 2023 2157 2292 2451 2490 2502 2568 2611 2744 2819 2861 2955 
90		18	29	45 227 228 324 337 354 385 454 477 576 594 615 616 617 624 749 764 813 843 857 861 956 957 989 1216 1377 1380 1424 1527 1658 1698 1740 1759 1854 1855 1867 1876 1966 1984 2002 2024 2025 2066 2075 2184 2216 2262 2283 2568 2673 2718 2728 2751 2810 2843 2879 2949 
91		76	4	173 182 266 269 324 380 396 432 437 466 613 917 955 996 1047 1083 1090 1113 1159 1165 1273 1287 1306 1315 1322 1563 1584 1772 1825 1895 1896 1969 2036 2164 2178 2203 2232 2293 2317 2347 2427 2434 2554 2646 2693 2811 2935 2988 
92		74	3	45 46 143 174 190 218 259 262 350 427 485 501 558 599 600 695 707 771 789 820 830 846 856 951 954 1053 1068 1108 1155 1282 1298 1403 1419 1497 1504 1603 1620 1678 1679 1693 1738 1782 1822 1835 1856 1875 1885 1948 2013 2090 2108 2284 2303 2312 2337 2410 2450 2455 2532 2540 2651 2663 2670 2771 2797 2829 2870 2886 2992 
93		83	2	132 147 270 291 400 423 479 575 586 717 775 872 880 885 886 891 1009 1046 1096 1139 1141 1153 1194 1195 1219 1274 1332 1602 1655 1745 1761 1773 1793 1794 1930 2012 2035 2118 2162 2275 2340 2353 2362 2392 2393 2394 2631 2677 2694 2725 2816 2881 2898 2908 2972 
94		28	26	29 31 39 61 121 155 171 210 226 319 503 504 515 537 641 657 730 734 754 827 832 914 1068 1085 1108 1188 1265 1274 1334 1361 1404 1423 1492 1548 1573 1616 1626 1638 1775 1826 1914 2197 2202 2215 2402 2448 2607 2619 2627 2665 2700 2786 2798 2848 2849 2856 2880 2944 2956 2958 
95		72	6	75 133 184 225 323 361 457 472 499 504 513 517 544 547 572 587 597 599 613 755 831 852 853 935 1108 1151 1239 1301 1355 1404 1417 1422 1443 1450 1588 1650 1921 1984 2099 2127 2155 2181 2264 2309 2373 2395 2400 2494 2570 2600 2705 2729 2893 2933 3000 
96		28	5	115 177 184 215 238 262 273 278 287 327 335 345 443 516 572 607 718 744 763 777 836 839 911 966 1010 1168 1177 1196 1210 1233 1425 1434 1444 1449 1456 1587 1634 1667 1716 1765 1812 1886 1891 1947 2022 2050 2114 2192 2212 2336 2346 2347 2467 2534 2553 2576 2662 2718 2775 2794 2815 2834 2848 2921 2954 
97		89	11	38 104 117 346 431 559 571 702 756 843 898 954 996 1044 1158 1282 1313 1343 1379 1564 1566 1655 1677 1770 2036 2055 2058 2079 2133 2217 2233 2240 2333 2410 2432 2588 2599 2665 2672 2714 2742 2758 2761 2843 2845 2866 2917 2931 2981 
98		38	15	174 212 222 261 318 337 339 398 433 444 463 532 541 585 623 626 642 665 737 753 813 848 941 1028 1042 1117 1201 1213 1313 1363 1374 1377 1495 1593 1605 1610 1635 1656 1672 1696 1791 1892 1937 1963 2000 2044 2062 2102 2138 2171 2181 2300 2314 2372 2463 2543 2566 2574 2697 2706 2727 2781 2858 2913 2939 2982 2995 
99		79	25	24 48 61 153 270 289 291 421 449 481 586 668 768 981 1084 1174 1211 1247 1264 1286 1287 1301 1343 1366 1568 1631 1712 1733 1745 1791 1799 1828 1869 1936 1974 1994 2001 2011 2053 2103 2122 2164 2214 2217 2258 2278 2323 2335 2437 2474 2493 2536 2586 2626 2733 2773 2783 2858 2980 
100		58	19	28 143 159 188 244 247 322 351 439 563 595 649 721 809 837 971 1086 1134 1166 1191 1211 1219 1308 1312 1321 1363 1402 1445 1531 1564 1681 1726 1819 1889 1923 1944 1962 2004 2005 2064 2068 2179 2195 2220 2240 2241 2270 2303 2384 2558 2590 2607 2642 2676 2690 2736 2740 2803 2816 2824 2927 2953 
101		74	21	58 67 84 171 224 231 276 365 453 485 489 609 627 656 660 682 730 834 860 869 905 923 978 1000 1077 1175 1179 1293 1314 1335 1374 1423 1467 1469 1491 1630 1784 1793 1882 1920 2084 2094 2106 2174 2185 2204 2272 2287 2407 2432 2693 2701 2708 2772 2773 2852 2873 2877 2960 2963 2975 
102		88	27	17 34 47 54 55 108 120 130 191 193 199 274 285 333 363 368 546 554 672 794 808 853 882 900 969 1002 1092 1110 1155 1172 1189 1218 1221 1331 1412 1430 1470 1483 1526 1529 1586 1646 1649 1686 1729 1739 1927 2048 2088 2115 2168 2173 2205 2301 2311 2324 2327 2369 2430 2468 2583 2585 2640 2718 2730 2740 
103		7	30	33 58 75 167 226 243 267 321 331 378 384 401 498 612 653 678 696 724 791 857 887 1028 1086 1137 1236 1253 1398 1402 1457 1470 1505 1542 1636 1640 1664 1716 1778 1781 1874 1939 2000 2065 2076 2314 2373 2376 2413 2449 2513 2576 2601 2661 2687 2709 2722 2736 2854 2906 2925 2952 
104		41	16	79 156 257 269 285 353 425 469 534 631 708 913 920 941 978 995 1030 1122 1152 1217 1351 1376 1432 1558 1571 1631 1692 1706 1896 1919 2007 2021 2044 2109 2125 2231 2241 2376 2436 2465 2492 2588 2705 2745 2758 2891 
105		48	4	13 24 46 118 125 147 155 309 424 442 776 784 810 830 867 887 911 926 1094 1100 1112 1139 1233 1238 1291 1300 1404 1446 1459 1472 1512 1518 1526 1561 1571 1573 1648 1702 1704 1841 2013 2081 2188 2277 2408 2440 2442 2470 2553 2632 2659 2699 2723 2732 2784 2814 2817 2838 2876 2892 2979 
106		24	24	21 31 44 203 270 289 300 408 557 662 688 704 707 750 826 933 988 1032 1048 1056 1094 1096 1115 1126 1163 1218 1247 1321 1334 1357 1453 1688 1868 1878 1920 1930 1965 2049 2072 2086 2103 2196 2270 2295 2334 2438 2491 2522 2556 2733 2741 2764 2787 2817 2891 2900 2964 
107		37	28	6 13 150 164 217 314 410 413 414 466 562 570 590 689 705 717 732 760 790 835 867 994 1063 1085 1170 1193 1246 1275 1290 1312 1383 1384 1388 1444 1483 1502 1503 1627 1652 1683 1686 1828 1862 1891 1915 1970 2042 2210 2386 2558 2574 2582 2610 2738 2857 2901 2999 
108		71	30	110 245 268 277 469 497 579 670 679 736 745 748 863 885 907 963 1097 1110 1146 1168 1237 1286 1302 1310 1332 1341 1364 1368 1381 1447 1585 1656 1684 1705 1726 1729 1906 1924 1932 1987 2004 2064 2079 2098 2152 2227 2242 2268 2320 2368 2382 2429 2439 2479 2557 2580 2616 2623 2639 2676 2733 2790 2806 2826 2835 2903 2940 2989 
109		47	13	45 126 216 275 287 306 352 373 383 422 529 538 560 681 766 782 821 911 919 976 1284 1395 1398 1429 1541 1555 1574 1579 1584 1608 1611 1689 1811 1876 1904 1910 1915 1916 1927 1946 2070 2101 2182 2297 2358 2365 2428 2495 2496 2581 2690 2750 2837 2945 
110		85	14	74 100 113 150 160 202 281 300 323 393 419 595 617 632 646 735 740 742 778 779 896 900 925 1017 1030 1049 1072 1130 1186 1291 1323 1394 1425 1523 1532 1556 1643 1647 1684 1839 1888 1893 1950 1961 1997 2020 2027 2100 2136 2191 2289 2320 2461 2462 2594 2791 2814 2817 2828 2962 
111		53	17	7 65 117 128 231 237 280 466 551 591 603 627 663 697 778 855 884 990 1087 1130 1214 1300 1317 1322 1342 1380 1417 1589 1628 1749 1767 1785 1954 1974 2002 2026 2119 2131 2139 2152 2153 2160 2166 2191 2313 2384 2436 2569 2596 2669 2713 2753 2769 2883 2939 
112		42	21	79 88 98 124 159 209 244 250 286 337 368 374 493 533 574 606 620 622 643 818 935 964 1235 1295 1451 1539 1545 1548 1571 1604 1618 1670 1690 1701 1705 1718 1821 1908 1912 1919 1944 1963 1970 1986 2050 2051 2095 2139 2242 2246 2262 2396 2401 2435 2453 2520 2541 2560 2652 2716 2901 2906 2912 2924 2945 2955 2995 
113		82	1	13 37 72 106 129 136 240 281 295 308 353 423 441 447 611 691 699 704 739 755 777 829 843 951 982 1163 1180 1193 1288 1290 1313 1393 1406 1453 1489 1622 1634 1641 1694 1718 1775 1801 1827 1949 1992 1996 2032 2052 2145 2238 2263 2295 2307 2343 2378 2390 2468 2521 2533 2712 2744 2828 2830 2922 2946 2968 
114		65	29	10 31 38 96 122 139 156 314 444 514 583 667 811 841 937 940 1062 1109 1307 1413 1463 1594 1639 1689 1736 1776 1853 1874 1925 1962 1996 2010 2029 2130 2163 2326 2339 2459 2481 2489 2518 2542 2723 2792 2813 2831 2845 2883 2943 
115		59	23	14 91 117 190 271 277 296 347 497 498 508 627 643 685 708 715 738 753 810 834 962 1035 1053 1059 1061 1072 1078 1173 1199 1273 1278 1311 1338 1358 1362 1418 1431 1477 1531 1551 1642 1647 1706 1714 1796 1819 1876 1900 1928 1962 1978 2048 2090 2135 2231 2454 2503 2504 2524 2549 2567 2569 2648 2671 2719 2779 2780 
116		31	11	83 130 181 201 410 412 440 506 539 635 692 739 745 761 792 796 797 876 878 919 1090 1101 1112 1220 1238 1410 1458 1468 1533 1629 1651 1676 1681 1717 1863 1947 1955 2009 2082 2207 2358 2361 2375 2404 2464 2477 2481 2549 2552 2600 2703 2711 2716 2737 2791 2807 2921 2949 2982 2987 
117		86	8	37 65 126 136 291 313 333 334 358 564 572 626 669 727 884 931 1008 1102 1126 1133 1240 1249 1252 1279 1372 1385 1524 1555 1659 1671 1781 1784 1790 1834 1859 1906 2091 2094 2168 2347 2410 2445 2474 2485 2502 2511 2762 2773 2862 2866 2878 2984 
118		22	26	51 58 78 92 101 180 182 201 236 257 298 338 375 390 425 464 541 569 570 681 802 815 964 1002 1179 1275 1294 1312 1435 1516 1611 1697 1751 1787 1880 1884 1933 2044 2053 2068 2135 2206 2266 2268 2299 2365 2452 2672 2704 2732 2812 2818 2890 2925 2940 2942 
119		5	22	18 26 45 122 214 256 273 302 334 341 348 356 404 412 434 454 550 557 711 738 742 771 774 784 785 926 1168 1217 1277 1324 1329 1369 1378 1406 1447 1452 1475 1517 1600 1683 1779 1921 1952 2010 2031 2060 2142 2170 2227 2302 2400 2425 2518 2548 2573 2651 2764 2793 2823 2826 2847 2887 2937 
120		3	29	76 286 301 315 316 367 403 445 506 511 618 621 626 633 638 706 729 738 747 800 965 1088 1117 1140 1156 1163 1242 1291 1344 1350 1383 1408 1421 1476 1622 1756 1769 1783 1820 1894 1909 1989 2022 2065 2085 2094 2132 2300 2301 2372 2415 2502 2527 2555 2572 2579 2624 2696 2698 2755 2798 2807 2886 2950 2957 2971 
121		72	23	35 132 247 298 382 397 417 514 573 616 677 812 905 918 945 1125 1268 1279 1424 1437 1530 1558 1563 1622 1651 1707 1736 1739 1760 1788 1867 1931 1945 2145 2196 2266 2308 2402 2471 2493 2514 2594 2730 2750 2777 2785 2790 2809 2903 2904 2976 
122		36	12	89 105 108 119 138 160 203 272 281 309 385 593 914 924 934 1177 1351 1387 1416 1436 1496 1504 1527 1630 1647 1678 1684 1766 1821 1885 1905 1919 2032 2051 2060 2061 2120 2179 2277 2363 2386 2403 2406 2447 2561 2595 2678 2754 2844 2860 2925 2946 2971 2978 
123		54	18	21 42 66 85 96 116 120 231 235 252 321 465 504 520 551 625 715 774 805 878 910 935 963 992 1034 1052 1221 1324 1441 1452 1454 1458 1487 1491 1533 1592 1672 1753 1868 1983 2149 2170 2184 2188 2348 2424 2517 2566 2579 2668 2721 2724 2776 2809 2964 
124		97	13	29 33 73 93 96 135 193 241 284 369 376 584 604 642 654 716 741 785 959 1067 1081 1208 1222 1382 1418 1419 1462 1467 1486 1552 1682 1715 1732 1735 1779 1863 1953 1993 2005 2037 2038 2209 2246 2355 2404 2417 2462 2511 2535 2559 2674 2692 2768 2823 2894 2924 2937 2947 2981 
125		93	18	83 140 322 339 381 512 593 628 785 790 795 863 981 1102 1202 1209 1338 1397 1498 1528 1546 1615 1850 1874 1929 1973 1991 2030 2045 2121 2218 2225 2246 2259 2456 2509 2545 2548 2597 2697 2802 2872 2904 2969 
126		27	20	60 76 99 113 166 340 405 437 441 503 524 528 581 630 767 790 880 936 974 1141 1190 1236 1266 1285 1303 1362 1494 1497 1537 1598 1716 1724 1763 1790 1900 2015 2041 2048 2101 2164 2186 2193 2209 2229 2237 2269 2362 2412 2413 2525 2538 2627 2634 2675 2684 2686 2742 2810 2834 2887 2982 2991 
127		80	24	38 48 106 205 220 236 267 354 423 496 505 521 561 611 614 661 714 728 736 786 802 985 1062 1071 1128 1147 1171 1186 1230 1234 1278 1399 1428 1429 1580 1658 1767 1835 1882 1896 1932 1960 1995 2036 2057 2067 2152 2231 2272 2299 2396 2446 2487 2495 2604 2650 2656 2722 2836 2838 2905 
128		73	25	104 120 175 248 297 356 446 465 486 493 495 507 654 674 723 735 748 760 781 859 935 964 966 1025 1051 1089 1114 1172 1353 1443 1520 1690 1698 1719 1723 1758 1976 2034 2040 2064 2093 2108 2149 2161 2182 2188 2197 2235 2242 2267 2291 2371 2379 2399 2496 2513 2565 2704 2708 2722 2753 2820 2830 2883 2898 2924 2930 2959 2972 
129		32	5	35 51 157 207 208 250 317 334 342 376 427 430 432 448 498 605 669 672 771 822 926 968 1081 1111 1151 1175 1180 1205 1208 1219 1316 1320 1366 1393 1398 1496 1518 1560 1579 1585 1725 1767 1976 2229 2242 2256 2274 2365 2398 2545 2552 2566 2616 2647 2691 2774 2806 2871 2914 2968 
130		55	30	78 103 152 184 224 240 291 328 352 362 364 506 525 545 571 582 746 755 773 923 937 1017 1045 1252 1272 1304 1336 1581 1616 1639 1727 1843 1913 1923 1934 2042 2107 2114 2137 2178 2211 2262 2358 2457 2492 2493 2507 2512 2517 2530 2531 2570 2657 2727 2795 2855 2875 2881 2893 2898 2994 2997 
131		73	12	46 53 88 102 275 358 371 397 449 474 540 576 619 705 808 845 910 965 1075 1080 1117 1152 1156 1203 1204 1297 1298 1309 1362 1437 1448 1473 1546 1722 1730 1750 1765 1774 1839 1843 1913 1941 2039 2091 2171 2263 2292 2320 2380 2461 2500 2521 2531 2546 2555 2627 2653 2699 2700 2782 2801 2820 2840 2841 2861 2928 2938 2956 2966 2969 
132		30	24	1 25 135 283 306 335 411 442 461 465 651 733 780 816 837 895 1077 1134 1169 1185 1288 1354 1365 1394 1441 1469 1495 1595 1599 1617 1625 1665 1731 1771 1831 1876 1888 1924 1940 1950 1951 1988 2006 2069 2130 2137 2173 2182 2192 2253 2260 2324 2345 2403 2427 2435 2441 2518 2519 2520 2537 2582 2635 2639 2695 2706 2750 2778 2797 2869 
133		39	29	69 71 74 131 134 144 255 397 435 524 548 630 690 783 789 795 803 867 891 976 1111 1197 1212 1226 1241 1258 1265 1338 1528 1534 1643 1665 1667 1846 1849 1910 2103 2106 2119 2243 2282 2351 2447 2523 2538 2614 2658 2729 2749 2782 2838 2959 
134		51	27	23 35 129 133 136 234 255 278 425 505 559 568 627 644 650 656 668 764 775 813 906 912 1074 1190 1192 1237 1363 1384 1397 1406 1478 1535 1599 1721 1756 1779 1803 1842 1907 1938 2032 2046 2052 2222 2244 2248 2264 2361 2414 2424 2444 2551 2666 2755 2758 2802 2815 2920 2933 2962 
135		43	17	62 100 164 192 245 284 451 517 531 533 554 588 702 750 786 842 858 893 933 939 984 995 997 1017 1021 1049 1082 1128 1135 1227 1244 1313 1413 1432 1513 1762 1944 1999 2030 2062 2118 2120 2123 2260 2274 2423 2431 2523 2524 2571 2670 2692 2709 2720 2746 2841 2884 2895 2950 
136		17	27	94 149 228 238 247 287 374 379 382 407 480 517 542 552 608 620 647 666 671 847 891 922 1055 1070 1097 1129 1161 1199 1249 1303 1330 1416 1441 1442 1494 1672 1680 1708 1757 1815 1872 1964 2007 2166 2171 2174 2352 2459 2516 2656 2657 2667 2677 2708 2713 2741 2751 2759 2798 2823 2879 2999 
137		22	6	5 20 73 141 161 178 246 273 320 343 384 483 523 692 915 1127 1143 1202 1248 1272 1303 1354 1411 1551 1669 1693 1766 1816 1846 1964 2143 2200 2260 2265 2287 2296 2351 2416 2419 2424 2455 2540 2571 2577 2639 2765 2800 2813 2854 2922 
138		39	20	207 329 361 363 636 637 728 732 753 791 801 813 853 915 924 928 962 987 1009 1043 1060 1092 1098 1105 1106 1216 1249 1310 1322 1380 1386 1484 1501 1535 1538 1555 1576 1582 1659 1665 1715 1723 1797 1845 1954 2063 2257 2267 2371 2430 2522 2772 2805 2835 2899 2971 
139		11	14	15 124 149 163 267 345 381 384 399 427 446 564 570 592 615 620 712 718 795 831 872 883 972 979 1061 1074 1114 1160 1179 1250 1255 1345 1346 1363 1491 1524 1547 1552 1555 1587 1615 1668 1737 1799 1954 1971 1972 1980 2031 2038 2105 2115 2137 2220 2255 2298 2299 2309 2419 2457 2465 2487 2509 2519 2562 2760 2983 
140		46	6	33 134 166 229 338 380 575 640 706 792 806 959 1021 1031 1038 1040 1134 1148 1154 1170 1195 1225 1263 1304 1374 1407 1456 1460 1480 1485 1493 1520 1557 1562 1581 1670 1689 1802 1806 1821 1840 1878 2158 2171 2202 2231 2249 2288 2297 2320 2339 2399 2510 2533 2568 2608 2646 2717 2741 2748 2793 2816 2916 2934 2953 2976 
141		93	23	101 110 126 294 316 319 507 518 570 590 597 604 635 683 691 693 825 848 850 886 902 949 991 1003 1049 1240 1307 1373 1378 1486 1541 1553 1583 1592 1666 1677 1692 1777 1960 2006 2019 2132 2154 2155 2156 2193 2194 2212 2356 2368 2370 2379 2389 2451 2453 2548 2609 2684 2733 2748 2776 2801 2827 2884 2907 2930 
142		84	28	42 44 66 116 142 194 202 241 252 260 451 477 521 582 601 602 629 709 742 862 894 982 1016 1027 1118 1121 1182 1197 1299 1416 1445 1449 1455 1516 1592 1624 1648 1657 1675 1692 1695 1711 1768 1813 1814 1816 1837 1873 1903 1931 1981 2066 2168 2285 2353 2494 2505 2556 2653 2662 2691 2789 2833 2859 2925 2951 
143		52	18	2 76 82 145 158 177 205 255 289 298 328 344 484 492 646 766 788 990 1046 1103 1110 1224 1235 1253 1399 1565 1594 1619 1627 1633 1818 1832 1840 1902 1989 2062 2076 2110 2114 2152 2199 2213 2290 2325 2341 2444 2497 2526 2546 2600 2615 2650 2784 2796 2893 2995 
144		5	30	4 71 149 250 304 306 335 459 553 563 677 680 714 779 895 962 975 1003 1034 1041 1083 1095 1148 1159 1184 1244 1247 1309 1342 1344 1371 1395 1427 1430 1462 1604 1611 1615 1642 1702 1770 1785 1852 1865 1870 1882 1980 2015 2021 2032 2116 2312 2331 2354 2374 2398 2415 2470 2522 2627 2629 2658 2689 2713 2842 2891 2986 
145		64	2	61 81 154 327 349 371 439 490 499 500 507 584 585 677 720 768 848 920 922 944 991 1005 1035 1099 1164 1211 1224 1287 1325 1396 1511 1532 1534 1547 1567 1582 1591 1605 1629 1649 1772 1847 1943 1957 2008 2087 2167 2201 2211 2220 2352 2364 2383 2407 2506 2577 2645 2661 2708 2742 2827 2886 2897 2916 
146		68	12	1 13 61 114 213 214 292 319 327 388 407 417 495 592 601 728 733 921 970 972 1088 1213 1315 1371 1385 1388 1404 1405 1426 1476 1688 1696 1719 1728 1761 1901 1915 2013 2086 2217 2247 2276 2304 2323 2367 2486 2496 2519 2612 2693 2713 2772 2788 2821 2983 
147		26	28	1 67 205 257 312 338 363 401 473 486 500 531 539 603 612 670 686 731 811 830 850 904 936 939 945 1173 1226 1233 1234 1277 1292 1431 1500 1593 1644 1653 1658 1735 1754 1798 1804 1817 1871 1964 1987 2043 2101 2184 2278 2298 2308 2333 2363 2405 2451 2499 2683 2723 2845 2927 
148		21	20	6 14 18 49 58 94 127 268 412 614 621 649 720 820 925 968 993 1076 1145 1175 1271 1289 1290 1300 1337 1411 1488 1637 1737 1795 1931 1979 2088 2217 2284 2309 2335 2385 2405 2594 2610 2652 2811 2872 2898 2900 2928 2970 2998 
149		26	7	54 70 77 157 179 196 200 218 363 404 414 422 561 624 630 639 666 684 689 734 736 781 784 808 812 817 923 958 1006 1027 1034 1104 1119 1166 1167 1169 1181 1209 1212 1226 1274 1283 1294 1325 1371 1427 1454 1483 1517 1596 1601 1695 1696 1709 1787 1933 1995 2037 2144 2225 2233 2247 2259 2383 2408 2409 2508 2544 2654 2757 2864 2880 2974 
150		55	18	179 190 227 275 360 438 478 574 609 613 631 710 818 821 835 844 901 934 1026 1105 1130 1162 1460 1464 1500 1522 1523 1718 1800 1824 1838 1846 1869 1875 2023 2042 2049 2127 2180 2324 2345 2364 2426 2439 2498 2507 2638 2706 2712 2728 2980 
151		45	28	200 300 321 340 349 354 380 440 505 515 609 632 770 807 810 817 840 866 944 987 1020 1035 1044 1136 1153 1161 1204 1221 1297 1331 1374 1378 1403 1428 1583 1602 1892 1917 2011 2016 2020 2172 2188 2202 2225 2239 2273 2319 2365 2392 2408 2412 2458 2497 2545 2623 2669 2720 2739 2754 2786 2788 2932 2993 
152		29	13	32 81 95 98 108 168 294 366 415 431 475 550 608 641 645 700 738 781 804 906 1269 1441 1463 1532 1598 1642 1812 1824 2003 2047 2147 2226 2422 2478 2534 2629 2703 2719 2746 2802 2861 2864 2930 2990 
153		41	21	201 241 255 469 471 497 602 667 747 759 903 955 967 1001 1037 1082 1107 1121 1145 1153 1358 1479 1485 1546 1746 1816 1887 1932 1958 1984 2018 2075 2116 2125 2244 2266 2366 2395 2428 2443 2531 2608 2717 2788 2842 2853 2885 2887 2948 2970 2979 
154		40	24	7 92 143 154 243 361 418 604 628 653 657 669 730 828 831 832 839 875 877 910 983 987 1136 1187 1217 1262 1351 1451 1473 1482 1538 1623 1648 1714 1786 1886 1925 1998 2025 2143 2452 2515 2540 2547 2561 2584 2595 2647 2760 2783 2816 2842 2882 2896 2997 
155		17	28	12 19 181 248 269 283 446 480 490 495 510 518 525 578 623 635 726 729 756 823 889 907 910 980 1022 1159 1189 1190 1194 1306 1311 1356 1414 1524 1603 1724 1728 1775 1861 1894 1902 1998 2080 2097 2123 2156 2219 2236 2271 2336 2406 2614 2637 2644 2730 2740 2759 2823 2869 2908 2914 2935 
156		53	27	77 84 102 325 330 384 385 539 544 638 641 722 723 781 819 904 924 948 953 975 988 1164 1196 1345 1426 1450 1506 1507 1569 1675 1681 1725 1762 1810 1813 1816 1834 1837 1910 1956 1993 2089 2096 2122 2374 2438 2469 2487 2526 2536 2561 2754 2785 2867 2903 2947 2990 
157		65	6	16 51 164 190 231 299 385 394 503 543 578 605 683 684 784 825 846 925 953 954 965 1064 1119 1191 1218 1224 1238 1277 1284 1286 1352 1413 1426 1470 1482 1487 1634 1881 1927 1979 2011 2024 2036 2071 2072 2105 2124 2312 2366 2403 2409 2491 2522 2551 2554 2634 2637 2643 2680 2862 2869 2975 2977 2997 
158		35	19	23 32 86 169 180 187 189 219 271 368 399 416 457 546 596 639 710 754 799 806 818 898 969 980 1149 1174 1200 1239 1340 1438 1457 1470 1517 1530 1578 1600 1699 1701 1733 1758 1841 1897 1934 1960 1994 2018 2044 2093 2148 2193 2198 2204 2221 2248 2254 2451 2458 2499 2606 2610 2629 2695 2743 2767 2838 
159		56	26	9 26 175 189 216 409 429 447 452 622 640 718 769 828 862 905 936 970 1022 1031 1066 1111 1122 1132 1343 1471 1561 1563 1564 1587 1618 1632 1766 1814 1897 1929 1942 1951 1959 2000 2028 2045 2104 2179 2219 2226 2257 2283 2293 2313 2349 2397 2417 2418 2446 2488 2515 2584 2625 2631 2667 2810 2822 2897 2917 2966 2994 2996 2999 
160		96	10	221 235 323 515 550 600 603 650 663 707 732 785 833 847 871 912 929 949 998 1083 1156 1183 1341 1361 1412 1439 1452 1514 1630 1644 1653 1709 1808 1889 1948 2019 2121 2141 2176 2283 2342 2392 2462 2587 2592 2616 2618 2682 2714 2927 
161		50	13	53 91 163 203 206 212 282 398 426 482 484 519 572 602 756 763 893 947 972 984 993 1011 1058 1118 1140 1154 1167 1216 1306 1390 1403 1407 1485 1494 1523 1537 1560 1575 1619 1621 1650 1693 1697 1760 1782 1809 1813 1866 1873 1932 2427 2439 2448 2547 2596 2683 2704 2763 2764 2782 2805 2851 2909 2974 
162		66	8	22 144 172 178 336 395 437 438 474 557 634 730 842 899 928 932 1177 1201 1213 1227 1289 1307 1386 1409 1482 1539 1589 1626 1662 1674 1677 1768 1789 1791 1801 1865 1933 2016 2041 2045 2096 2113 2133 2216 2429 2486 2539 2544 2565 2572 2615 2725 2761 2805 2810 2879 2911 2923 2934 
163		92	25	5 55 173 185 284 393 424 455 467 471 556 594 703 780 834 837 840 851 855 902 906 920 976 1046 1138 1164 1276 1281 1285 1294 1319 1329 1359 1360 1401 1497 1510 1557 1576 1580 1678 1713 1743 1746 1801 1802 1855 1906 1945 2090 2187 2245 2305 2308 2613 2632 2646 2664 2742 2808 2832 2873 2875 
164		2	7	28 76 137 138 210 303 463 520 547 569 653 701 774 805 834 880 904 999 1070 1080 1093 1132 1187 1244 1304 1326 1467 1475 1492 1519 1543 1590 1623 1703 1777 1833 1920 1979 1985 2057 2092 2099 2117 2160 2174 2187 2257 2294 2334 2355 2373 2404 2411 2460 2489 2517 2549 2564 2583 2686 2748 2905 2907 2926 
165		69	1	12 18 57 94 117 141 207 361 519 595 654 690 865 930 1085 1229 1256 1258 1330 1414 1473 1520 1596 1618 1797 1859 1940 2008 2063 2156 2208 2258 2272 2284 2310 2427 2431 2437 2469 2482 2511 2541 2566 2727 2804 2808 2833 2859 2913 2917 
166		4	26	68 90 203 240 251 308 310 345 366 379 386 387 405 535 565 611 632 639 673 702 721 723 803 937 1024 1033 1053 1107 1209 1222 1224 1301 1333 1355 1475 1521 1565 1767 1790 1806 1811 1865 1879 1890 1968 1982 1991 2082 2093 2129 2180 2184 2205 2287 2306 2377 2416 2428 2460 2476 2642 2645 2653 2861 
167		34	16	39 97 108 176 186 529 629 683 775 859 967 1076 1084 1115 1223 1279 1348 1399 1435 1479 1481 1529 1562 1659 1669 1685 1831 1907 1911 1997 2160 2161 2259 2308 2338 2367 2388 2449 2623 2628 2684 2767 2804 2814 2876 2895 
168		76	16	16 19 37 64 129 229 305 332 422 455 666 780 793 822 833 835 838 854 877 886 897 926 942 961 1067 1098 1149 1154 1171 1211 1230 1328 1336 1471 1606 1699 1707 1730 1741 1745 1765 1954 2063 2126 2145 2211 2488 2491 2510 2534 2550 2584 2633 2667 2686 2710 2819 2881 2882 2974 2984 
169		48	14	73 99 188 396 454 476 488 489 526 540 608 894 950 971 1039 1101 1214 1442 1468 1490 1503 1548 1570 1592 1652 1740 1878 2009 2080 2107 2142 2176 2237 2480 2499 2510 2530 2615 2636 2638 2655 2680 2692 2846 2892 2964 2976 2986 
170		12	18	1 18 161 162 208 219 221 336 400 420 500 526 632 636 763 765 825 879 904 958 973 1020 1022 1040 1060 1137 1158 1160 1207 1220 1257 1266 1330 1423 1465 1467 1763 1835 1847 1889 1996 1997 2000 2018 2116 2146 2158 2186 2190 2198 2254 2277 2304 2366 2391 2393 2412 2580 2605 2606 2674 2688 2829 2851 2921 2984 
171		71	19	6 27 232 253 317 326 333 433 459 480 499 549 556 593 652 685 713 745 767 821 824 836 838 1036 1059 1089 1095 1114 1162 1186 1243 1273 1284 1371 1568 1591 1614 1706 1728 1768 1774 1798 1814 1818 1864 1891 1919 1952 2024 2162 2357 2385 2425 2430 2473 2481 2494 2551 2600 2738 2760 2795 2797 2847 2868 2909 
172		11	21	47 50 64 168 205 292 305 373 395 426 481 498 510 651 690 693 712 721 734 786 788 849 896 939 995 1100 1178 1197 1229 1266 1285 1348 1425 1444 1463 1477 1542 1579 1591 1626 1654 1881 2040 2054 2113 2183 2215 2302 2335 2343 2363 2447 2472 2571 2575 2577 2651 2696 2715 2744 2752 2778 2971 2977 2978 
173		33	27	109 125 290 416 470 513 538 555 610 637 725 786 874 981 1007 1031 1232 1246 1359 1364 1420 1469 1616 1714 1742 1853 1854 1899 1935 1989 2371 2382 2535 2568 2613 2641 2642 2687 2711 2712 2794 2839 2840 2885 
174		92	17	187 217 274 303 313 325 357 383 405 452 468 476 482 534 568 607 618 653 694 706 944 1015 1028 1047 1080 1121 1144 1185 1226 1295 1341 1352 1619 1688 1710 1755 1764 1820 1838 1953 1959 2076 2078 2146 2187 2222 2399 2411 2440 2533 2588 2604 2605 2612 2635 2681 2832 2844 2879 2882 2997 
175		61	7	40 111 169 211 215 350 483 511 527 534 568 711 739 858 876 957 985 1015 1237 1254 1288 1296 1461 1498 1500 1529 1577 1589 1639 1704 1776 1795 1803 1823 1883 1915 2061 2083 2128 2165 2178 2204 2250 2251 2264 2448 2518 2535 2579 2592 2629 2655 2824 2849 2867 2912 
176		4	3	151 279 332 339 367 374 445 456 484 685 699 752 875 1005 1041 1103 1117 1118 1174 1215 1245 1251 1303 1336 1349 1367 1372 1482 1629 1645 1663 1666 1675 1737 1741 1811 1833 1863 1945 1946 2140 2183 2254 2367 2370 2378 2475 2525 2528 2549 2613 2669 2680 2689 2695 2710 2757 2850 2960 
177		9	28	55 59 68 85 92 115 128 160 188 204 218 315 364 415 443 526 565 576 625 646 651 665 714 719 801 888 992 1057 1066 1155 1172 1421 1471 1505 1513 1552 1604 1660 1664 1704 1789 1870 1877 1880 1893 1897 2067 2077 2143 2211 2221 2268 2293 2310 2478 2484 2660 2682 2725 2768 2803 2868 2874 2956 2961 2973 2998 
178		68	22	67 101 243 251 295 482 518 568 605 698 840 881 930 972 983 998 1147 1164 1206 1327 1357 1440 1455 1568 1580 1610 1642 1676 1700 1718 1803 1809 1851 1886 1918 1978 2034 2159 2236 2294 2350 2359 2368 2470 2479 2508 2510 2575 2712 2751 2840 2854 2871 2988 
179		54	9	2 30 100 109 211 268 308 349 478 487 533 594 650 698 744 793 869 885 1013 1037 1066 1076 1103 1396 1402 1454 1503 1561 1625 1683 1811 1827 1922 1957 2061 2089 2148 2157 2162 2163 2307 2341 2352 2377 2446 2472 2552 2585 2597 2601 2681 2682 2704 2735 2790 2830 2920 2940 
180		63	3	139 245 246 331 369 406 429 530 560 630 645 720 810 882 884 950 1021 1056 1181 1189 1267 1276 1316 1362 1420 1426 1560 1622 1736 1747 1803 1807 1843 1925 1968 2026 2330 2415 2423 2436 2454 2460 2537 2541 2550 2703 2718 2730 2763 2890 2917 2980 2981 2989 
181		10	19	62 82 124 258 265 310 352 359 373 409 441 458 552 667 744 858 892 899 919 934 974 988 1064 1179 1256 1328 1444 1563 1676 1723 1765 1788 1797 1825 1896 1957 1958 1981 2078 2090 2133 2134 2169 2205 2210 2397 2455 2508 2565 2634 2671 2711 2756 2765 2839 2855 
182		97	29	115 135 150 176 192 230 249 282 296 372 419 434 510 563 598 689 791 987 1019 1051 1133 1160 1192 1271 1280 1381 1493 1503 1607 1640 1986 2049 2138 2145 2199 2204 2224 2256 2275 2495 2619 2648 2659 2775 2778 2787 2865 2874 2935 2998 
183		56	12	20 52 70 123 172 280 304 403 430 450 524 538 539 543 566 589 716 788 856 866 880 917 1012 1014 1020 1027 1052 1133 1178 1260 1292 1293 1347 1353 1367 1375 1451 1507 1536 1557 1624 1646 1712 1822 1842 1851 1925 1935 1958 2014 2114 2155 2225 2228 2235 2245 2298 2311 2332 2464 2735 2919 2987 
184		27	4	6 19 55 89 181 355 474 487 554 584 615 888 1009 1052 1087 1137 1254 1260 1412 1543 1566 1590 1607 1649 1668 1782 1796 1854 1944 1946 2112 2159 2206 2208 2271 2289 2361 2387 2432 2438 2490 2542 2617 2624 2649 2691 2942 
185		62	27	11 98 99 195 262 301 307 466 642 678 700 709 870 873 921 961 963 1049 1075 1162 1260 1392 1438 1459 1509 1516 1607 1609 1691 1751 1795 1860 1909 1913 1934 1981 2010 2039 2065 2097 2191 2234 2236 2274 2275 2281 2317 2318 2333 2346 2394 2429 2477 2578 2581 2599 2617 2620 2650 2715 2734 2769 2807 2877 2973 
186		33	23	21 121 200 229 242 276 352 365 408 451 453 473 487 491 608 652 773 788 864 930 931 946 1099 1144 1149 1188 1206 1264 1269 1323 1446 1513 1543 1789 1794 1854 1861 1866 1888 1889 1938 1956 2017 2028 2147 2170 2224 2230 2282 2299 2346 2373 2375 2416 2516 2562 2621 2746 2857 2888 2905 2918 
187		80	17	57 102 118 196 197 256 310 490 569 711 713 762 816 882 916 985 1029 1067 1077 1096 1205 1267 1298 1305 1379 1418 1443 1474 1476 1478 1525 1545 1583 1702 1712 1714 1775 1776 1802 1851 1864 1867 1942 2006 2069 2086 2098 2127 2192 2271 2296 2426 2445 2534 2560 2613 2661 2675 2699 2726 2728 2780 2799 2894 
188		8	9	56 65 116 140 219 243 272 344 362 373 399 433 494 496 565 675 729 767 776 797 854 870 918 949 983 1087 1095 1126 1247 1255 1257 1337 1339 1382 1549 1550 1576 1663 1670 1674 1772 1829 1869 1918 1941 1991 2121 2132 2140 2195 2240 2261 2306 2360 2363 2378 2432 2505 2539 2671 2685 2752 2759 2872 2881 2900 2954 2962 2987 
189		6	9	67 137 311 377 398 431 582 604 631 825 866 882 986 989 996 1072 1074 1081 1088 1162 1173 1284 1360 1462 1493 1664 1698 1757 1843 1936 1990 2082 2083 2092 2108 2139 2172 2209 2232 2315 2355 2431 2521 2554 2562 2569 2584 2637 2640 2658 2698 2807 2884 2931 
190		12	21	10 23 238 260 313 345 442 633 674 677 701 704 723 846 989 1035 1131 1239 1255 1296 1312 1338 1347 1382 1397 1413 1447 1468 1530 1593 1638 1646 1744 1747 1842 1848 1894 1930 1969 1999 2172 2203 2235 2248 2280 2354 2387 2400 2471 2536 2578 2623 2645 2762 2774 2866 
191		43	12	14 74 90 104 161 170 227 244 341 402 420 452 457 491 532 557 560 564 682 704 710 757 805 901 936 1008 1010 1065 1201 1206 1225 1268 1384 1506 1518 1599 1805 1825 1860 1908 2077 2081 2125 2128 2243 2261 2265 2340 2387 2438 2494 2498 2570 2624 2640 2655 2664 2720 2895 
192		25	29	51 53 379 382 389 450 485 648 664 760 763 856 872 943 967 1004 1079 1080 1124 1195 1203 1207 1368 1394 1427 1469 1531 1535 1541 1551 1578 1805 1922 1963 2023 2135 2161 2288 2311 2317 2322 2341 2469 2500 2791 2812 2896 2941 
193		51	9	68 71 144 185 228 295 365 375 421 554 629 644 652 705 710 743 759 858 901 905 928 1069 1101 1105 1145 1178 1261 1342 1354 1442 1456 1526 1528 1687 1694 1748 1830 1856 1870 1903 1911 2021 2160 2168 2376 2444 2445 2661 2679 2717 2769 2846 2850 2863 2864 2915 
194		62	11	167 199 333 374 381 393 578 768 823 851 997 1085 1222 1264 1368 1369 1414 1621 1654 1707 1830 1893 2051 2136 2167 2201 2239 2241 2307 2319 2388 2514 2532 2539 2692 2785 2796 2830 2913 2944 2963 2973 2993 
195		57	6	7 43 70 198 252 261 278 322 406 417 459 510 581 659 793 826 963 1032 1046 1246 1365 1378 1438 1542 1565 1577 1586 1606 1733 1748 1752 1864 1912 1938 1975 2042 2084 2128 2173 2263 2321 2353 2443 2459 2479 2497 2512 2569 2573 2654 2715 2728 2736 2776 2796 2806 2871 2902 2986 2987 
196		84	10	40 49 220 293 310 402 407 484 517 552 616 634 754 804 852 868 870 914 952 1038 1040 1091 1135 1322 1327 1367 1395 1587 1596 1629 1674 1704 1884 1926 1956 2269 2290 2314 2321 2357 2366 2379 2453 2468 2501 2644 2824 2827 2883 2915 2954 
197		10	13	48 59 86 107 283 299 412 424 461 676 724 740 799 855 891 902 923 938 943 958 1025 1030 1073 1100 1112 1146 1200 1280 1305 1357 1388 1461 1546 1551 1572 1580 1632 1726 1742 1847 1850 1898 1923 1947 1992 2016 2026 2066 2080 2098 2115 2138 2141 2159 2190 2284 2313 2483 2540 2621 2637 2684 2755 2797 2806 2824 2965 
198		69	8	95 195 196 317 319 370 436 509 573 577 648 659 692 739 949 971 1050 1196 1236 1251 1269 1305 1324 1331 1398 1455 1481 1492 1575 1578 1583 1620 1729 1758 1759 1849 1905 1987 2054 2112 2141 2150 2153 2175 2181 2199 2248 2256 2389 2415 2467 2519 2587 2606 2631 2635 2663 2720 2734 2801 2831 2842 2939 2952 2953 2961 
199		20	15	9 14 64 91 118 145 219 258 265 301 304 309 338 355 404 462 591 663 839 878 994 1025 1064 1091 1115 1137 1189 1256 1614 1617 1644 1687 1748 1752 1782 1828 1852 1922 2034 2148 2177 2209 2305 2307 2348 2389 2413 2435 2439 2488 2608 2657 2724 2876 2884 2897 2903 2983 2988 
200		70	19	93 172 186 301 396 442 453 548 561 634 698 702 727 804 1045 1220 1261 1268 1318 1342 1346 1472 1558 1660 1764 1777 1780 1799 1850 1856 1872 1961 2072 2092 2101 2125 2135 2218 2228 2230 2233 2250 2325 2377 2395 2407 2421 2479 2529 2563 2582 2619 2624 2662 2686 2737 2777 2817 2948 