Students	3000
1	147 146 132 170
2	143 188 42 179
3	59 76 80 14
4	67 57 144 3
5	163 55 137 52
6	184 148 171 107
7	195 111 54 154
8	13 80 61 96
9	159 199 77 85
10	190 3 7 114
11	185 26 22 37
12	55 165 59 155
13	105 107 146 113
14	199 148 191 115
15	54 46 139 71
16	85 168 157 7
17	102 24 48 29
18	165 148 170 119
19	184 168 29 155
20	71 137 15 183
21	186 123 49 106
22	36 162 71 62
23	190 38 134 158
24	105 74 99 86
25	83 11 132 73
26	159 72 41 119
27	171 8 12 23
28	23 100 35 164
29	124 23 25 94
30	56 14 1 179
31	31 114 106 94
32	152 158 63 26
33	124 68 140 103
34	45 102 16 37
35	38 134 129 121
36	7 46 79 59
37	113 14 117 168
38	76 127 114 97
39	15 167 94 66
40	196 11 64 175
41	55 76 96 13
42	142 123 74 20
43	24 195 28 45
44	58 5 106 142
45	119 90 109 92
46	131 92 105 30
47	40 172 102 29
48	197 127 99 40
49	148 48 31 196
50	65 37 4 172
51	192 118 157 129
52	51 31 188 183
53	71 161 131 192
54	102 60 149 39
55	184 177 163 102
56	68 43 188 1
57	85 187 66 165
58	103 101 118 148
59	197 177 81 16
60	40 73 126 10
61	94 99 146 145
62	135 9 39 181
63	1 63 32 7
64	199 172 76 168
65	13 111 188 117
66	50 123 27 142
67	189 178 147 101
68	177 193 59 166
69	38 51 73 133
70	195 86 149 183
71	193 133 144 22
72	113 45 85 40
73	31 169 124 137
74	78 191 110 133
75	103 53 95 49
76	120 126 143 164
77	1 149 76 156
78	118 16 130 63
79	5 104 15 112
80	41 9 67 69
81	42 152 89 145
82	24 143 181 30
83	12 78 116 125
84	112 101 31 156
85	123 177 69 27
86	25 6 158 197
87	31 24 29 27
88	131 56 112 45
89	184 88 36 122
90	17 166 43 191
91	115 199 161 57
92	51 154 177 118
93	44 70 124 200
94	136 165 148 9
95	152 48 198 12
96	123 124 19 114
97	53 167 36 54
98	112 152 185 6
99	50 169 185 126
100	179 135 110 27
101	118 178 48 141
102	43 131 156 187
103	47 79 130 9
104	97 128 191 52
105	122 55 82 70
106	21 127 113 55
107	30 32 50 197
108	122 102 167 152
109	65 173 38 179
110	141 19 70 108
111	175 6 92 40
112	8 44 33 78
113	54 126 17 110
114	60 41 26 146
115	96 24 177 182
116	142 8 188 123
117	165 115 111 97
118	105 187 85 199
119	122 2 72 73
120	102 128 170 123
121	7 86 94 186
122	2 31 119 114
123	183 7 50 40
124	139 181 76 112
125	105 173 9 1
126	141 109 72 117
127	21 13 148 83
128	111 177 36 42
129	113 54 168 134
130	42 39 102 116
131	133 70 10 71
132	93 121 8 165
133	95 84 134 82
134	79 133 45 140
135	124 55 182 132
136	134 117 52 113
137	189 33 164 21
138	122 164 8 21
139	35 56 180 114
140	125 188 84 47
141	137 54 165 44
142	18 42 21 142
143	100 48 154 92
144	133 3 193 162
145	143 199 26 81
146	79 33 13 52
147	47 105 93 53
148	15 65 69 53
149	144 136 22 139
150	107 77 182 110
151	13 176 54 87
152	84 63 130 6
153	99 9 56 64
154	5 70 145 154
155	94 87 3 105
156	75 114 104 83
157	57 2 149 129
158	143 33 47 34
159	45 11 112 100
160	122 177 110 20
161	191 24 137 170
162	65 76 83 170
163	139 67 161 77
164	57 157 107 135
165	36 25 47 31
166	73 41 140 126
167	194 103 62 68
168	1 152 172 67
169	158 2 77 175
170	58 14 191 45
171	101 18 94 80
172	200 183 162 31
173	51 163 91 6
174	31 48 98 92
175	159 25 128 58
176	21 167 182 50
177	143 96 75 80
178	72 162 137 1
179	47 150 57 149
180	51 87 118 158
181	68 116 155 184
182	91 9 58 118
183	148 37 66 75
184	130 79 95 96
185	163 4 43 193
186	48 82 167 200
187	158 174 42 12
188	177 28 169 100
189	159 158 37 43
190	115 150 157 92
191	14 102 49 55
192	135 83 182 5
193	102 69 124 25
194	142 79 48 32
195	185 25 62 198
196	198 187 1 149
197	187 38 7 39
198	8 53 82 195
199	25 102 3 194
200	151 149 186 27
201	30 153 118 116
202	110 31 36 142
203	166 106 161 122
204	77 18 177 59
205	172 143 127 147
206	74 161 80 79
207	138 50 129 165
208	19 170 129 39
209	17 112 22 45
210	94 164 83 84
211	175 66 76 179
212	98 68 161 33
213	21 13 24 146
214	4 146 119 75
215	175 96 54 11
216	35 159 77 109
217	107 11 174 142
218	177 149 92 180
219	170 158 199 188
220	75 32 127 196
221	160 170 83 19
222	52 70 49 98
223	2 25 76 55
224	130 73 10 101
225	61 85 95 8
226	94 13 103 14
227	60 90 150 191
228	15 136 90 193
229	140 168 186 60
230	84 69 68 182
231	111 157 123 101
232	56 62 28 171
233	12 15 96 7
234	85 134 86 185
235	40 123 160 24
236	44 118 20 127
237	25 187 59 111
238	190 70 136 96
239	83 92 74 4
240	166 130 80 113
241	17 153 124 142
242	8 6 10 186
243	154 103 188 178
244	191 100 48 112
245	135 17 108 180
246	84 180 137 79
247	136 121 55 100
248	40 155 58 128
249	82 86 88 182
250	112 26 144 129
251	60 166 58 178
252	123 142 53 195
253	65 6 171 20
254	48 10 36 14
255	133 134 153 143
256	60 2 187 119
257	104 4 147 118
258	70 199 181 4
259	24 78 92 112
260	83 142 190 51
261	70 79 98 195
262	185 96 15 92
263	12 87 69 32
264	36 34 9 23
265	181 62 65 199
266	56 91 1 54
267	103 139 36 127
268	179 88 148 108
269	104 91 45 155
270	106 93 99 70
271	4 115 54 158
272	122 2 188 85
273	56 119 96 137
274	102 3 174 65
275	109 83 131 150
276	3 186 101 47
277	115 70 108 87
278	96 195 74 134
279	176 82 1 53
280	23 45 183 111
281	32 113 122 110
282	79 21 161 182
283	197 155 132 19
284	163 135 87 124
285	102 6 74 104
286	6 29 112 120
287	57 109 136 96
288	79 57 78 66
289	106 99 55 143
290	59 55 78 173
291	130 117 99 93
292	146 45 172 44
293	83 196 35 20
294	141 72 152 27
295	11 113 178 193
296	32 115 182 44
297	89 128 68 16
298	121 47 143 118
299	157 77 26 197
300	151 106 110 10
301	199 200 185 120
302	119 76 48 32
303	1 164 174 35
304	199 183 144 42
305	76 168 172 69
306	109 144 42 132
307	185 64 194 66
308	166 113 179 78
309	105 67 199 122
310	166 196 181 187
311	72 189 25 76
312	75 67 147 29
313	190 39 117 174
314	56 107 114 13
315	120 89 177 59
316	18 120 141 182
317	171 198 33 129
318	25 80 85 98
319	141 94 198 146
320	70 59 137 7
321	123 12 103 151
322	125 52 195 100
323	160 17 95 110
324	28 120 91 90
325	174 58 156 7
326	171 61 69 80
327	146 96 22 145
328	130 143 29 26
329	86 41 138 74
330	19 13 156 129
331	180 103 19 88
332	176 49 76 168
333	117 171 102 194
334	117 9 129 119
335	96 144 37 132
336	162 3 15 170
337	112 98 90 55
338	147 199 118 140
339	67 176 125 98
340	151 75 22 126
341	17 9 119 191
342	33 17 129 54
343	72 73 137 4
344	188 71 89 143
345	96 190 139 166
346	15 82 97 12
347	25 141 115 89
348	34 67 50 119
349	151 63 145 179
350	92 21 84 175
351	56 9 100 4
352	186 130 181 109
353	104 41 113 37
354	120 127 151 90
355	199 1 184 84
356	128 119 30 32
357	23 174 40 33
358	131 9 78 117
359	49 181 27 57
360	150 49 20 82
361	154 138 165 95
362	16 188 56 130
363	138 147 102 149
364	177 130 80 86
365	101 29 186 193
366	84 152 6 166
367	120 176 20 28
368	102 112 185 158
369	70 180 32 124
370	198 10 39 53
371	145 50 71 131
372	182 34 18 87
373	172 109 181 188
374	112 176 136 194
375	61 118 22 193
376	124 129 31 84
377	87 189 39 42
378	85 6 103 81
379	192 30 166 136
380	91 140 67 151
381	125 139 10 194
382	136 192 121 68
383	109 75 68 174
384	103 139 156 137
385	157 90 122 156
386	9 166 89 35
387	166 86 60 30
388	43 9 146 81
389	7 60 69 192
390	118 84 43 63
391	88 65 62 58
392	72 45 3 82
393	33 163 194 110
394	57 157 52 72
395	88 162 172 68
396	49 200 91 169
397	133 121 82 131
398	161 189 33 98
399	59 139 188 158
400	86 57 93 170
401	103 6 147 89
402	23 191 33 196
403	5 83 120 183
404	149 23 199 119
405	126 174 3 166
406	180 78 195 75
407	146 50 196 136
408	186 38 36 106
409	181 52 159 17
410	30 116 147 107
411	3 41 20 132
412	116 119 197 148
413	76 107 9 19
414	107 149 13 24
415	177 152 46 52
416	158 53 173 49
417	195 146 183 121
418	52 8 154 69
419	110 81 7 182
420	23 191 2 170
421	44 99 193 73
422	109 149 168 23
423	127 113 16 93
424	163 105 197 6
425	104 134 59 118
426	161 63 172 47
427	92 139 129 33
428	197 41 53 7
429	159 34 180 77
430	129 6 17 183
431	152 97 2 189
432	52 129 91 70
433	98 36 171 188
434	10 62 119 182
435	133 14 61 33
436	198 53 41 89
437	162 50 126 91
438	162 38 198 150
439	145 100 52 76
440	45 116 151 4
441	126 181 67 113
442	200 190 132 105
443	96 44 177 77
444	114 11 19 98
445	176 60 120 15
446	155 128 54 139
447	113 86 159 69
448	129 37 63 126
449	31 59 99 131
450	54 83 183 192
451	142 33 186 135
452	159 42 191 174
453	101 41 186 200
454	90 169 59 119
455	168 163 7 6
456	62 59 19 176
457	95 158 44 191
458	86 39 181 18
459	171 88 195 144
460	59 71 45 199
461	197 132 66 57
462	32 60 72 199
463	98 57 33 164
464	27 118 104 55
465	16 123 128 132
466	111 185 107 91
467	69 79 1 163
468	174 22 25 68
469	153 108 56 104
470	173 28 81 62
471	153 163 63 80
472	95 79 10 30
473	80 30 147 186
474	131 162 184 12
475	152 5 37 31
476	169 187 174 35
477	62 7 90 142
478	179 150 67 84
479	66 56 76 93
480	136 155 171 70
481	172 35 7 99
482	24 161 178 174
483	137 175 80 55
484	143 161 176 196
485	192 176 101 92
486	63 147 88 128
487	184 65 186 179
488	169 66 19 81
489	75 38 169 101
490	145 75 187 155
491	29 20 191 186
492	34 24 71 143
493	46 128 1 112
494	42 83 4 188
495	80 155 146 128
496	39 127 188 189
497	30 108 115 153
498	172 115 129 103
499	27 145 171 95
500	56 147 145 170
501	92 83 42 85
502	72 80 83 3
503	94 5 157 126
504	67 95 123 94
505	151 134 35 127
506	80 130 116 120
507	128 145 40 141
508	81 115 82 78
509	61 7 198 82
510	195 172 155 182
511	120 51 175 22
512	80 125 17 44
513	173 39 8 95
514	69 121 57 114
515	94 151 55 160
516	96 129 36 32
517	136 135 95 196
518	178 21 155 141
519	77 165 161 70
520	86 123 164 9
521	38 142 127 19
522	49 70 26 80
523	137 76 44 11
524	82 183 126 133
525	23 155 73 130
526	177 169 83 170
527	27 79 175 58
528	17 126 54 50
529	25 167 109 69
530	180 13 34 35
531	56 147 9 135
532	98 191 75 28
533	179 112 135 20
534	174 175 104 18
535	32 75 88 166
536	48 17 7 16
537	79 4 56 94
538	11 109 173 183
539	183 147 116 156
540	169 54 35 131
541	98 118 82 66
542	85 35 26 136
543	9 183 157 54
544	61 20 95 156
545	70 15 130 39
546	22 102 158 52
547	69 10 164 95
548	49 200 133 56
549	51 69 171 76
550	119 41 152 160
551	11 111 38 123
552	58 196 136 181
553	85 46 39 144
554	193 135 184 102
555	26 72 173 113
556	76 163 171 51
557	162 119 191 106
558	45 89 70 92
559	83 53 97 134
560	109 180 31 191
561	149 127 200 73
562	60 107 140 64
563	182 15 100 144
564	89 117 191 139
565	166 177 188 27
566	5 15 183 48
567	54 63 57 65
568	134 174 175 178
569	164 118 187 53
570	107 139 141 118
571	18 76 130 97
572	95 161 117 96
573	198 14 87 121
574	112 37 150 74
575	140 93 45 157
576	177 131 90 6
577	77 198 13 61
578	74 194 155 157
579	13 32 17 108
580	34 3 165 61
581	131 57 126 195
582	189 130 142 46
583	3 114 30 27
584	124 24 145 184
585	81 98 78 145
586	14 12 99 93
587	98 4 56 95
588	34 15 32 135
589	38 167 32 183
590	64 107 47 141
591	85 111 199 54
592	73 139 89 146
593	125 69 171 122
594	48 90 163 179
595	100 165 68 110
596	45 24 158 56
597	141 95 28 21
598	25 31 85 182
599	32 63 92 95
600	30 92 160 57
601	146 52 27 142
602	142 2 161 153
603	160 3 111 147
604	124 189 154 141
605	157 3 129 178
606	112 35 93 3
607	22 96 41 174
608	186 136 169 152
609	150 12 151 101
610	39 36 83 173
611	127 9 113 166
612	103 147 12 71
613	91 35 95 150
614	63 127 148 29
615	53 90 139 184
616	196 90 121 72
617	70 110 56 90
618	174 68 120 19
619	30 131 41 76
620	153 139 112 136
621	148 56 199 120
622	112 86 89 159
623	14 98 155 52
624	23 46 90 149
625	177 80 69 123
626	98 117 120 51
627	134 111 115 101
628	86 87 125 154
629	167 62 142 193
630	126 133 149 180
631	104 39 189 150
632	170 166 110 151
633	25 120 4 190
634	200 196 62 162
635	63 116 141 155
636	170 138 140 46
637	69 173 138 48
638	156 85 120 57
639	166 149 53 158
640	96 140 67 159
641	94 156 57 152
642	98 124 185 52
643	40 112 115 43
644	193 16 134 64
645	69 152 180 89
646	110 143 56 177
647	55 58 136 82
648	198 54 66 192
649	68 100 148 21
650	42 160 179 134
651	75 132 172 177
652	71 193 186 171
653	164 174 154 103
654	128 165 124 31
655	5 4 21 49
656	54 4 101 134
657	154 72 94 12
658	19 42 59 61
659	195 21 5 198
660	37 101 41 22
661	73 132 127 37
662	17 106 15 40
663	199 160 77 111
664	30 83 192 60
665	74 26 98 177
666	168 136 30 149
667	181 114 11 153
668	134 99 69 73
669	129 117 154 11
670	13 42 108 147
671	6 8 136 84
672	28 102 129 82
673	166 62 86 9
674	30 128 33 190
675	48 66 170 188
676	32 86 54 197
677	121 145 144 190
678	48 185 103 40
679	18 31 108 60
680	69 47 10 144
681	35 36 118 109
682	191 76 101 88
683	167 157 28 141
684	75 24 149 157
685	141 171 176 115
686	147 72 61 58
687	65 66 141 83
688	20 70 11 106
689	149 107 182 2
690	20 133 165 172
691	4 113 141 39
692	29 116 198 137
693	50 35 141 172
694	7 174 14 27
695	92 9 24 58
696	103 13 79 54
697	111 48 24 83
698	16 179 200 178
699	176 66 113 97
700	72 185 41 152
701	190 164 71 56
702	135 166 97 200
703	2 163 44 34
704	113 106 191 190
705	35 193 107 131
706	140 120 174 12
707	14 106 92 160
708	40 82 104 115
709	185 64 23 142
710	193 158 150 191
711	187 175 119 3
712	20 172 139 35
713	187 62 171 60
714	177 42 127 144
715	51 115 15 123
716	28 183 38 124
717	27 75 93 107
718	2 96 159 139
719	177 12 5 59
720	145 148 56 180
721	172 166 41 100
722	139 156 71 24
723	156 128 190 166
724	54 197 103 87
725	88 173 32 8
726	1 155 13 10
727	117 200 50 39
728	138 6 146 127
729	31 120 188 155
730	101 162 94 154
731	39 72 65 147
732	138 160 24 107
733	146 61 132 37
734	149 172 94 30
735	128 26 54 110
736	149 37 127 108
737	6 36 98 87
738	115 152 119 120
739	198 175 116 113
740	10 71 197 110
741	124 27 22 31
742	119 142 85 110
743	24 193 68 27
744	181 96 179 24
745	65 116 171 108
746	75 36 181 130
747	120 38 153 4
748	44 128 108 58
749	3 26 90 66
750	56 106 135 20
751	3 37 35 15
752	33 176 48 64
753	32 138 98 115
754	196 25 94 158
755	95 113 130 27
756	31 155 161 97
757	191 89 40 56
758	4 140 64 29
759	20 193 1 153
760	128 192 35 107
761	11 116 16 61
762	7 50 18 187
763	161 96 170 192
764	90 82 40 134
765	33 170 81 28
766	88 143 109 79
767	126 35 171 188
768	128 99 145 194
769	18 57 159 74
770	151 40 16 64
771	76 129 92 119
772	14 15 73 140
773	186 130 48 3
774	164 119 123 35
775	93 167 134 59
776	41 29 105 188
777	113 96 72 11
778	111 139 110 48
779	10 110 144 6
780	163 168 132 82
781	128 152 149 156
782	31 60 109 72
783	5 78 133 36
784	119 149 157 105
785	124 119 125 160
786	135 173 127 172
787	68 13 48 66
788	183 172 143 186
789	133 92 58 176
790	107 126 2 125
791	138 55 103 182
792	31 140 116 33
793	84 168 195 179
794	81 70 46 102
795	139 125 46 133
796	73 55 116 28
797	188 71 24 116
798	71 18 1 89
799	197 59 158 26
800	42 7 1 120
801	64 138 40 177
802	81 118 127 4
803	166 81 59 133
804	87 196 200 152
805	164 191 123 25
806	158 56 140 73
807	49 57 38 151
808	66 102 131 149
809	100 47 48 36
810	105 180 151 115
811	147 21 48 114
812	175 149 53 121
813	134 98 138 90
814	31 53 1 12
815	15 118 4 74
816	196 187 132 9
817	73 79 151 149
818	42 112 158 150
819	86 156 58 45
820	29 92 148 73
821	171 150 109 77
822	77 129 50 168
823	155 18 43 194
824	13 36 171 50
825	170 141 157 189
826	195 106 9 31
827	37 50 58 94
828	25 154 159 88
829	113 54 29 80
830	147 92 105 32
831	154 45 95 139
832	31 61 154 94
833	168 30 29 160
834	164 101 163 115
835	168 107 57 150
836	17 171 25 96
837	163 132 100 87
838	168 86 171 7
839	154 96 199 33
840	151 163 68 178
841	9 34 81 114
842	5 162 187 135
843	97 27 113 90
844	65 13 66 150
845	53 131 36 37
846	92 190 157 18
847	136 45 20 160
848	145 17 98 141
849	67 172 4 80
850	141 71 147 75
851	78 194 59 163
852	67 32 95 196
853	138 102 71 95
854	52 71 168 188
855	163 111 197 68
856	92 183 14 192
857	90 103 77 19
858	181 135 175 193
859	167 128 49 18
860	10 101 37 44
861	90 34 13 65
862	63 142 78 159
863	108 49 1 125
864	8 6 81 186
865	77 54 165 18
866	189 151 21 183
867	50 133 105 107
868	196 80 51 59
869	179 101 86 88
870	188 185 196 1
871	88 63 33 160
872	139 49 192 93
873	185 77 38 49
874	173 88 185 80
875	25 50 154 176
876	45 116 175 25
877	154 56 78 168
878	116 199 76 123
879	170 33 20 14
880	93 164 126 183
881	70 178 14 45
882	187 102 180 189
883	2 33 139 77
884	117 180 52 111
885	179 4 93 108
886	93 168 141 49
887	103 76 105 79
888	64 31 184 177
889	86 66 155 22
890	58 48 193 12
891	93 197 136 133
892	65 69 19 181
893	44 135 161 26
894	142 48 169 75
895	35 132 39 144
896	52 172 21 110
897	49 48 66 168
898	97 9 158 48
899	181 162 78 64
900	59 110 17 102
901	150 10 193 191
902	197 35 163 141
903	153 51 19 25
904	156 164 170 147
905	193 101 159 121
906	134 15 152 163
907	108 33 155 2
908	42 5 20 87
909	69 11 35 30
910	123 155 154 131
911	109 96 87 105
912	160 55 5 134
913	8 34 73 104
914	4 196 94 122
915	137 22 138 77
916	49 22 56 187
917	91 38 183 12
918	188 7 121 73
919	59 116 109 181
920	104 163 145 50
921	10 146 3 185
922	136 145 13 70
923	101 197 130 149
924	156 26 122 138
925	157 148 40 110
926	105 168 129 119
927	33 84 27 104
928	138 162 193 78
929	170 73 21 160
930	165 186 178 45
931	117 40 51 186
932	162 40 81 78
933	106 40 37 135
934	122 150 181 16
935	123 112 95 128
936	159 147 126 191
937	89 130 114 166
938	38 48 197 30
939	172 135 147 1
940	114 36 60 27
941	98 82 104 46
942	87 20 88 168
943	197 30 192 59
944	145 174 19 151
945	18 57 121 147
946	51 186 46 89
947	70 31 34 161
948	64 29 24 156
949	188 198 141 160
950	169 55 180 31
951	39 113 92 53
952	196 16 12 24
953	45 156 80 157
954	92 97 180 157
955	60 153 91 40
956	4 86 33 90
957	34 175 21 90
958	149 86 197 170
959	124 140 72 26
960	69 37 52 9
961	168 185 32 55
962	144 115 50 138
963	185 195 123 108
964	60 118 112 128
965	120 131 23 157
966	55 96 128 6
967	153 192 30 167
968	148 129 4 75
969	102 40 5 158
970	27 18 146 159
971	100 169 198 79
972	161 146 139 178
973	87 40 63 170
974	55 56 181 126
975	55 144 7 156
976	163 109 133 48
977	190 15 2 78
978	51 28 101 104
979	28 139 19 2
980	155 35 158 25
981	125 13 99 173
982	32 142 13 113
983	188 178 154 49
984	161 81 63 135
985	187 127 175 51
986	32 189 49 56
987	138 154 182 151
988	181 58 106 156
989	90 190 52 189
990	69 111 46 143
991	10 141 34 145
992	177 80 123 34
993	34 148 41 161
994	107 199 62 81
995	104 135 172 49
996	97 91 7 189
997	135 75 194 13
998	160 34 16 178
999	164 37 6 53
1000	10 3 101 53
1001	40 44 22 153
1002	134 102 10 118
1003	57 141 144 65
1004	64 192 5 45
1005	24 145 12 176
1006	56 88 149 48
1007	65 16 173 72
1008	64 191 117 33
1009	93 184 138 77
1010	191 84 96 38
1011	54 161 64 195
1012	60 47 79 183
1013	89 40 9 179
1014	183 14 76 56
1015	20 25 174 175
1016	48 42 177 142
1017	26 110 135 130
1018	37 13 79 19
1019	182 54 76 81
1020	87 183 151 170
1021	140 135 67 180
1022	170 159 70 155
1023	30 69 56 79
1024	14 41 166 51
1025	197 128 199 13
1026	41 6 55 150
1027	183 142 16 149
1028	174 42 98 103
1029	32 187 59 36
1030	104 3 110 197
1031	173 159 140 88
1032	43 106 195 21
1033	166 35 2 89
1034	80 149 123 144
1035	115 151 145 190
1036	64 17 157 171
1037	179 153 32 3
1038	196 82 63 140
1039	64 72 169 33
1040	66 140 196 170
1041	176 59 144 48
1042	98 41 14 79
1043	138 8 34 72
1044	97 151 29 64
1045	130 88 44 200
1046	163 195 93 143
1047	91 5 35 174
1048	131 106 57 45
1049	141 135 110 185
1050	38 87 198 53
1051	128 182 72 75
1052	184 7 183 123
1053	92 17 166 115
1054	26 193 188 12
1055	136 32 2 5
1056	6 106 18 180
1057	38 3 37 177
1058	35 22 161 60
1059	26 78 115 171
1060	170 189 51 138
1061	115 85 139 86
1062	28 73 114 127
1063	70 65 107 25
1064	33 181 199 157
1065	200 30 191 75
1066	177 179 159 189
1067	7 187 168 124
1068	92 34 31 94
1069	18 80 193 24
1070	164 40 88 136
1071	127 9 45 197
1072	110 115 189 54
1073	14 59 56 197
1074	134 189 139 35
1075	185 81 3 131
1076	26 167 179 148
1077	187 33 132 101
1078	34 75 77 115
1079	64 24 45 192
1080	131 164 174 192
1081	124 189 129 29
1082	153 28 135 38
1083	144 160 12 91
1084	26 20 99 167
1085	107 194 165 94
1086	100 77 18 103
1087	188 184 26 111
1088	146 189 120 76
1089	38 171 128 36
1090	116 91 37 36
1091	199 47 196 5
1092	53 7 138 102
1093	164 82 13 86
1094	75 106 59 105
1095	171 39 144 188
1096	187 106 93 29
1097	37 136 108 80
1098	168 16 36 138
1099	82 145 186 13
1100	197 71 172 105
1101	193 116 169 18
1102	117 1 125 58
1103	143 176 14 179
1104	14 149 40 22
1105	89 150 193 138
1106	13 138 33 21
1107	166 29 6 153
1108	95 92 88 94
1109	79 114 13 11
1110	143 102 108 78
1111	159 83 129 133
1112	116 46 105 197
1113	68 91 11 37
1114	171 84 128 139
1115	106 199 58 167
1116	27 54 74 63
1117	120 176 98 131
1118	161 142 176 65
1119	149 11 157 39
1120	47 6 3 187
1121	174 153 142 89
1122	104 5 82 159
1123	19 84 62 25
1124	19 81 192 36
1125	32 33 89 121
1126	117 45 106 188
1127	47 137 23 60
1128	5 27 135 127
1129	63 75 76 136
1130	110 150 45 111
1131	88 190 11 89
1132	28 32 164 159
1133	117 182 62 183
1134	157 100 140 132
1135	196 135 80 54
1136	154 7 151 62
1137	170 199 184 103
1138	83 77 63 163
1139	93 105 73 5
1140	120 161 42 52
1141	86 93 68 126
1142	6 28 65 17
1143	137 33 63 62
1144	186 174 66 53
1145	148 53 193 153
1146	35 197 57 108
1147	178 55 127 30
1148	140 144 86 23
1149	186 49 158 168
1150	39 13 85 70
1151	86 129 95 20
1152	131 20 66 104
1153	151 77 153 93
1154	161 168 77 140
1155	102 29 92 177
1156	160 131 120 20
1157	93 28 48 35
1158	170 86 64 97
1159	144 78 91 155
1160	9 182 170 139
1161	136 55 151 52
1162	189 185 171 150
1163	106 120 75 113
1164	145 163 178 156
1165	91 42 139 18
1166	22 100 88 149
1167	12 67 161 149
1168	36 108 119 96
1169	132 1 149 3
1170	27 140 107 2
1171	127 63 45 168
1172	102 177 163 128
1173	8 147 115 189
1174	176 158 99 84
1175	129 101 12 148
1176	23 44 33 6
1177	30 162 96 122
1178	55 172 193 183
1179	118 101 139 181
1180	50 129 44 113
1181	180 32 149 2
1182	142 12 68 32
1183	16 56 160 53
1184	76 75 144 3
1185	87 174 132 18
1186	171 110 127 58
1187	154 164 24 15
1188	94 186 65 75
1189	180 102 199 155
1190	21 155 134 126
1191	43 100 157 96
1192	31 14 182 134
1193	69 107 119 113
1194	93 27 155 59
1195	93 192 140 27
1196	26 156 198 96
1197	172 133 142 60
1198	97 66 20 59
1199	55 115 136 29
1200	17 197 158 86
1201	191 162 30 98
1202	41 125 137 27
1203	89 131 38 192
1204	17 71 151 131
1205	6 129 187 85
1206	59 178 186 191
1207	9 192 5 170
1208	124 2 129 86
1209	88 166 125 149
1210	28 45 37 96
1211	145 100 99 168
1212	149 16 133 69
1213	162 146 81 98
1214	169 58 111 68
1215	61 176 20 29
1216	161 90 51 138
1217	119 30 104 154
1218	106 157 45 102
1219	66 100 129 93
1220	170 17 116 200
1221	12 102 151 123
1222	64 124 166 194
1223	74 85 63 167
1224	143 157 145 166
1225	41 72 191 140
1226	174 147 133 149
1227	37 162 43 135
1228	45 71 44 56
1229	42 51 165 172
1230	86 127 168 7
1231	7 9 58 74
1232	35 73 76 173
1233	105 61 96 147
1234	147 17 127 14
1235	153 27 143 112
1236	198 27 103 126
1237	134 6 108 175
1238	33 105 116 157
1239	95 190 28 158
1240	29 117 31 141
1241	55 51 133 32
1242	14 21 26 120
1243	171 55 80 81
1244	164 3 135 144
1245	12 26 176 88
1246	30 107 195 173
1247	106 188 99 144
1248	79 11 8 137
1249	138 136 11 117
1250	54 1 35 139
1251	198 67 17 176
1252	130 54 117 60
1253	143 54 84 103
1254	26 184 175 51
1255	188 27 139 190
1256	181 44 199 165
1257	22 6 188 170
1258	133 55 33 165
1259	25 18 78 23
1260	74 183 185 184
1261	200 16 193 35
1262	14 154 74 23
1263	3 20 140 17
1264	99 194 186 30
1265	133 11 94 31
1266	172 25 170 126
1267	180 6 187 8
1268	8 191 121 200
1269	186 75 152 198
1270	69 29 10 37
1271	42 182 48 148
1272	41 137 35 130
1273	91 31 115 171
1274	84 94 93 149
1275	33 107 4 118
1276	9 84 180 163
1277	119 147 157 79
1278	115 18 127 42
1279	25 117 121 167
1280	182 63 197 82
1281	163 54 55 89
1282	92 14 97 180
1283	22 149 46 35
1284	157 109 189 171
1285	172 163 126 87
1286	108 1 99 157
1287	91 99 145 83
1288	132 175 113 60
1289	24 162 148 51
1290	107 48 113 148
1291	120 110 105 1
1292	66 147 183 8
1293	183 1 88 101
1294	149 163 118 63
1295	70 21 174 112
1296	57 190 17 175
1297	131 23 151 68
1298	92 131 14 187
1299	43 59 53 142
1300	111 148 105 66
1301	13 166 95 99
1302	12 108 55 77
1303	136 137 126 176
1304	140 130 53 164
1305	198 187 197 5
1306	91 155 161 5
1307	80 114 141 162
1308	56 100 59 46
1309	74 131 144 183
1310	3 138 108 35
1311	155 81 115 5
1312	100 107 190 118
1313	97 98 113 135
1314	30 67 70 101
1315	72 146 91 87
1316	180 61 12 129
1317	111 34 19 83
1318	31 200 15 79
1319	10 67 18 163
1320	49 11 37 129
1321	51 100 106 30
1322	196 91 111 138
1323	13 110 72 186
1324	198 119 52 123
1325	149 32 145 55
1326	13 4 164 37
1327	12 178 196 82
1328	2 181 73 168
1329	54 163 119 89
1330	83 170 136 165
1331	198 102 78 151
1332	81 4 108 93
1333	96 12 166 67
1334	94 13 64 106
1335	101 24 45 7
1336	130 176 168 78
1337	188 8 148 4
1338	115 125 133 190
1339	1 61 188 32
1340	71 45 7 158
1341	108 160 130 174
1342	193 200 111 144
1343	128 99 97 159
1344	71 144 120 7
1345	156 139 28 66
1346	139 34 17 200
1347	183 190 24 52
1348	3 172 2 167
1349	15 83 2 176
1350	170 73 120 50
1351	122 104 154 11
1352	174 79 84 157
1353	128 87 183 10
1354	193 132 37 137
1355	47 15 95 166
1356	8 55 43 155
1357	106 197 178 72
1358	115 72 141 153
1359	45 163 173 1
1360	75 16 163 189
1361	160 50 94 42
1362	131 126 115 180
1363	139 100 134 98
1364	108 68 173 61
1365	132 195 65 35
1366	60 99 129 17
1367	183 196 176 77
1368	16 194 108 192
1369	58 119 194 54
1370	68 44 53 65
1371	149 144 146 171
1372	82 67 117 176
1373	68 141 36 66
1374	140 101 98 151
1375	183 75 22 71
1376	86 104 11 82
1377	90 81 98 1
1378	151 119 141 195
1379	7 35 187 97
1380	111 15 138 90
1381	182 83 87 108
1382	124 190 188 85
1383	120 72 80 107
1384	191 134 107 60
1385	9 117 6 146
1386	65 55 162 138
1387	46 122 28 20
1388	107 146 47 197
1389	72 80 11 24
1390	85 25 161 78
1391	12 29 84 47
1392	67 185 6 78
1393	113 129 68 69
1394	192 110 75 132
1395	144 59 109 196
1396	145 73 75 179
1397	134 125 190 57
1398	129 109 103 198
1399	143 127 58 167
1400	76 78 57 19
1401	46 60 35 163
1402	103 100 179 18
1403	161 24 92 151
1404	105 95 94 146
1405	146 64 79 37
1406	134 185 119 113
1407	140 161 55 19
1408	81 120 82 69
1409	41 57 70 162
1410	3 116 48 26
1411	41 137 148 49
1412	160 102 44 184
1413	157 135 190 114
1414	165 155 194 86
1415	98 33 63 61
1416	11 142 136 122
1417	111 187 24 95
1418	115 187 124 44
1419	124 74 7 92
1420	173 180 19 14
1421	120 80 70 177
1422	58 95 24 85
1423	94 80 170 101
1424	57 90 1 121
1425	96 172 110 51
1426	180 146 157 156
1427	10 149 144 192
1428	151 52 127 40
1429	127 61 87 109
1430	144 57 81 102
1431	81 115 147 9
1432	75 65 104 135
1433	52 38 1 60
1434	58 39 96 66
1435	118 167 1 75
1436	81 122 71 7
1437	131 84 121 48
1438	55 185 158 195
1439	160 36 47 39
1440	178 61 34 37
1441	132 152 123 136
1442	136 193 169 43
1443	128 187 95 24
1444	181 172 96 107
1445	47 142 100 48
1446	13 58 186 105
1447	119 108 190 38
1448	28 131 48 61
1449	96 142 25 72
1450	95 3 156 44
1451	42 183 112 154
1452	67 160 119 123
1453	42 113 106 67
1454	179 25 149 123
1455	142 198 65 178
1456	193 28 96 140
1457	1 158 74 103
1458	123 116 43 31
1459	105 85 34 185
1460	140 33 150 35
1461	166 197 175 54
1462	189 144 3 124
1463	172 36 152 114
1464	150 3 83 29
1465	81 92 170 40
1466	47 49 25 18
1467	170 164 124 101
1468	169 56 190 116
1469	192 132 173 101
1470	103 102 158 157
1471	51 159 168 177
1472	61 3 105 200
1473	131 165 154 7
1474	2 25 75 187
1475	119 166 164 42
1476	42 120 146 187
1477	172 70 74 115
1478	134 27 187 54
1479	46 153 167 71
1480	48 23 3 140
1481	67 198 52 167
1482	154 157 176 162
1483	149 107 102 61
1484	138 83 77 41
1485	153 140 161 32
1486	141 52 89 124
1487	40 123 157 27
1488	45 148 34 47
1489	43 64 83 113
1490	169 15 30 55
1491	34 101 123 139
1492	60 164 198 94
1493	182 140 27 189
1494	126 26 161 136
1495	98 132 198 18
1496	66 53 129 122
1497	163 51 126 92
1498	72 175 125 59
1499	6 194 66 50
1500	147 175 52 150
1501	138 18 57 64
1502	64 38 107 2
1503	182 179 107 169
1504	30 122 54 92
1505	177 9 61 103
1506	44 191 156 74
1507	183 156 25 42
1508	71 55 8 36
1509	47 185 36 12
1510	83 77 163 30
1511	16 80 45 145
1512	39 61 105 52
1513	186 33 135 177
1514	160 13 27 16
1515	92 89 26 40
1516	78 118 142 185
1517	149 119 26 158
1518	129 73 105 191
1519	84 164 36 26
1520	77 165 140 128
1521	16 41 80 166
1522	29 150 60 149
1523	110 28 161 150
1524	155 74 117 139
1525	92 11 187 76
1526	193 102 105 35
1527	122 19 90 35
1528	125 193 39 133
1529	175 167 37 102
1530	190 121 158 9
1531	192 21 100 115
1532	145 152 110 44
1533	9 123 20 116
1534	44 133 145 83
1535	69 134 138 192
1536	77 20 37 183
1537	126 20 27 161
1538	3 154 138 66
1539	3 19 112 162
1540	75 20 87 59
1541	141 109 26 192
1542	195 172 103 43
1543	184 27 164 186
1544	52 22 54 25
1545	187 80 88 112
1546	125 153 131 197
1547	5 139 145 29
1548	94 45 112 169
1549	17 188 14 49
1550	188 69 27 189
1551	192 197 137 115
1552	139 70 177 124
1553	141 60 139 42
1554	52 18 7 21
1555	117 139 138 109
1556	89 78 54 110
1557	49 163 140 183
1558	200 40 121 104
1559	41 34 82 81
1560	161 129 80 180
1561	179 105 159 82
1562	167 11 18 140
1563	91 121 181 159
1564	159 100 50 97
1565	166 35 143 195
1566	67 97 184 54
1567	28 145 73 32
1568	171 178 39 99
1569	156 43 16 3
1570	53 77 169 76
1571	112 105 66 104
1572	64 48 197 76
1573	3 105 94 59
1574	2 88 27 109
1575	4 198 55 161
1576	188 163 38 138
1577	36 175 49 195
1578	158 25 198 192
1579	129 172 109 52
1580	163 127 197 178
1581	130 79 140 23
1582	138 39 145 89
1583	141 187 198 151
1584	60 91 71 109
1585	36 108 129 62
1586	75 102 195 77
1587	159 196 139 96
1588	33 95 37 62
1589	162 37 175 111
1590	164 60 184 21
1591	79 172 171 145
1592	123 142 169 141
1593	147 88 98 190
1594	114 69 143 30
1595	79 132 3 48
1596	196 66 165 149
1597	26 2 34 54
1598	152 67 69 126
1599	191 132 79 134
1600	158 119 86 88
1601	64 70 36 149
1602	11 93 74 151
1603	7 65 92 155
1604	144 177 75 112
1605	145 28 78 98
1606	195 10 168 83
1607	71 184 182 185
1608	68 109 43 63
1609	58 33 86 185
1610	178 89 98 20
1611	144 118 109 70
1612	78 75 45 25
1613	36 23 48 82
1614	171 199 28 17
1615	144 139 125 17
1616	173 3 130 94
1617	199 46 49 132
1618	165 112 48 159
1619	161 174 143 7
1620	92 30 61 198
1621	139 24 161 194
1622	120 121 180 113
1623	32 164 15 154
1624	18 183 147 142
1625	132 179 45 31
1626	172 86 94 162
1627	5 107 143 32
1628	111 56 86 3
1629	176 196 145 116
1630	160 101 8 122
1631	41 99 17 104
1632	2 197 159 7
1633	143 24 4 41
1634	28 157 96 113
1635	18 98 5 33
1636	42 103 23 108
1637	76 21 47 148
1638	85 13 190 94
1639	114 175 130 73
1640	72 182 5 103
1641	85 113 81 33
1642	152 178 115 144
1643	110 21 133 9
1644	11 160 199 147
1645	176 60 39 27
1646	13 183 102 190
1647	110 115 122 43
1648	151 105 154 142
1649	102 184 60 145
1650	95 71 161 19
1651	2 121 44 116
1652	107 169 66 16
1653	147 54 51 160
1654	40 18 194 172
1655	38 97 46 93
1656	108 98 5 130
1657	33 142 71 25
1658	82 90 127 147
1659	138 77 117 167
1660	200 177 58 53
1661	34 18 71 198
1662	49 162 35 41
1663	176 29 188 76
1664	189 66 177 103
1665	75 133 132 138
1666	71 79 141 176
1667	96 28 59 133
1668	62 139 14 184
1669	198 28 167 137
1670	87 112 140 188
1671	68 66 117 29
1672	98 136 13 123
1673	33 74 32 87
1674	188 196 162 46
1675	142 156 176 84
1676	50 181 178 116
1677	162 97 26 141
1678	56 122 92 163
1679	89 92 52 79
1680	15 8 136 84
1681	100 85 156 116
1682	8 124 6 39
1683	58 107 179 119
1684	122 131 110 108
1685	33 10 167 36
1686	3 107 142 102
1687	40 193 45 199
1688	146 174 106 69
1689	109 140 27 114
1690	112 27 16 128
1691	30 22 75 185
1692	142 141 104 41
1693	176 137 161 92
1694	32 193 71 113
1695	37 147 149 142
1696	146 149 25 98
1697	161 118 17 79
1698	90 43 128 189
1699	168 63 76 158
1700	83 86 4 178
1701	158 63 9 112
1702	144 28 187 105
1703	35 6 37 164
1704	196 177 175 105
1705	112 108 25 84
1706	104 115 14 171
1707	20 168 194 121
1708	39 51 43 136
1709	160 86 149 25
1710	174 27 33 53
1711	9 19 142 52
1712	35 183 187 99
1713	13 74 163 47
1714	187 173 115 154
1715	16 138 84 124
1716	70 103 96 126
1717	67 61 6 116
1718	112 113 178 150
1719	17 146 9 128
1720	33 11 79 178
1721	54 60 134 76
1722	38 131 9 81
1723	138 85 181 128
1724	126 155 50 85
1725	156 42 72 129
1726	5 197 108 100
1727	52 130 85 2
1728	65 171 146 155
1729	102 198 108 15
1730	168 146 48 131
1731	132 49 47 71
1732	68 78 54 124
1733	99 158 63 195
1734	16 49 48 6
1735	124 147 70 15
1736	121 114 180 31
1737	139 176 148 66
1738	62 57 64 92
1739	121 56 102 71
1740	120 3 169 90
1741	22 168 48 176
1742	173 71 28 197
1743	88 163 72 27
1744	33 190 82 23
1745	45 168 93 99
1746	85 77 153 163
1747	180 190 32 22
1748	2 193 195 199
1749	12 10 78 111
1750	51 20 131 58
1751	118 62 30 185
1752	195 83 54 199
1753	68 123 2 25
1754	59 147 61 77
1755	174 42 22 51
1756	134 48 62 120
1757	136 189 15 73
1758	198 8 158 128
1759	198 4 90 8
1760	161 47 121 50
1761	63 146 93 33
1762	72 156 135 48
1763	75 126 170 57
1764	84 65 200 174
1765	96 131 181 168
1766	49 137 122 159
1767	111 129 166 127
1768	142 171 162 59
1769	58 88 120 57
1770	97 3 53 144
1771	11 55 44 132
1772	188 145 91 49
1773	43 18 72 93
1774	43 131 171 52
1775	94 113 155 187
1776	187 175 3 114
1777	200 141 164 77
1778	31 22 103 49
1779	119 25 134 124
1780	66 200 46 77
1781	85 21 103 117
1782	161 184 199 92
1783	133 2 27 120
1784	112 101 14 117
1785	48 111 144 37
1786	17 154 69 61
1787	118 18 149 62
1788	181 31 13 121
1789	162 186 15 177
1790	84 166 117 126
1791	99 98 4 162
1792	23 3 9 78
1793	70 20 93 101
1794	60 7 93 186
1795	185 175 88 148
1796	68 115 8 184
1797	165 85 138 181
1798	171 63 147 61
1799	99 139 200 46
1800	81 35 78 150
1801	163 113 162 79
1802	187 12 140 163
1803	180 134 175 178
1804	147 23 79 87
1805	192 6 55 191
1806	140 58 166 37
1807	96 23 180 85
1808	77 16 4 160
1809	161 44 52 178
1810	165 60 156 3
1811	176 179 166 109
1812	1 152 96 81
1813	28 161 142 156
1814	142 159 11 171
1815	78 10 136 39
1816	142 156 153 137
1817	26 147 6 155
1818	68 143 36 171
1819	3 100 115 57
1820	31 71 120 174
1821	44 112 122 140
1822	70 30 183 92
1823	58 175 80 69
1824	52 150 152 27
1825	91 22 191 181
1826	81 89 80 94
1827	52 113 44 179
1828	199 107 82 99
1829	2 47 188 76
1830	11 193 194 44
1831	35 28 132 167
1832	62 24 143 2
1833	8 23 176 164
1834	54 117 14 156
1835	127 92 170 30
1836	89 74 40 39
1837	156 19 142 147
1838	174 57 4 150
1839	74 71 110 131
1840	140 143 60 6
1841	11 64 105 158
1842	19 190 183 134
1843	130 189 131 180
1844	45 116 85 21
1845	138 4 51 65
1846	133 78 137 150
1847	197 170 145 37
1848	41 18 190 45
1849	198 72 89 133
1850	125 24 197 200
1851	65 187 178 183
1852	144 89 199 24
1853	173 185 114 30
1854	90 186 173 184
1855	85 31 90 163
1856	2 92 200 193
1857	22 43 83 198
1858	27 72 66 40
1859	24 117 6 165
1860	191 20 78 185
1861	186 155 85 86
1862	74 107 47 29
1863	116 176 28 124
1864	187 7 171 195
1865	162 166 19 144
1866	186 8 30 161
1867	187 121 90 15
1868	85 106 8 123
1869	43 99 150 188
1870	177 144 29 193
1871	147 35 51 38
1872	200 48 136 57
1873	161 197 62 142
1874	69 125 114 103
1875	26 92 150 45
1876	109 132 90 115
1877	21 77 177 53
1878	140 106 76 169
1879	166 44 46 13
1880	177 67 19 118
1881	157 172 69 89
1882	144 127 101 59
1883	20 175 63 26
1884	34 22 118 196
1885	15 92 20 122
1886	178 96 63 154
1887	94 75 153 54
1888	132 186 75 110
1889	186 160 170 100
1890	166 30 45 14
1891	171 30 107 96
1892	151 20 1 98
1893	177 58 194 110
1894	155 53 190 120
1895	45 69 21 91
1896	91 181 127 104
1897	177 158 159 45
1898	63 73 197 81
1899	30 173 50 37
1900	115 2 48 126
1901	79 146 8 59
1902	3 143 58 155
1903	142 193 151 38
1904	79 37 109 33
1905	122 30 198 41
1906	108 117 60 163
1907	134 71 167 29
1908	112 7 191 66
1909	120 37 65 185
1910	79 109 133 156
1911	193 11 23 167
1912	86 195 8 112
1913	131 185 130 183
1914	94 66 79 9
1915	146 109 107 175
1916	43 109 68 30
1917	53 151 21 24
1918	178 72 71 188
1919	122 171 112 104
1920	101 164 106 35
1921	68 95 119 27
1922	199 179 38 192
1923	197 130 89 100
1924	33 108 51 132
1925	154 183 114 180
1926	75 89 33 196
1927	59 109 102 157
1928	115 25 22 62
1929	69 159 83 125
1930	48 190 106 93
1931	148 24 142 121
1932	153 161 127 108
1933	118 14 149 162
1934	130 158 68 185
1935	183 70 173 52
1936	189 99 56 85
1937	41 1 61 98
1938	66 134 186 195
1939	46 103 79 86
1940	67 27 132 165
1941	188 131 48 27
1942	21 187 70 159
1943	26 145 87 9
1944	100 112 135 184
1945	50 121 176 163
1946	30 176 109 184
1947	96 129 116 197
1948	92 55 32 160
1949	13 20 69 113
1950	132 9 17 110
1951	132 22 159 25
1952	53 119 57 171
1953	79 174 124 7
1954	111 138 139 168
1955	35 116 19 93
1956	186 196 156 29
1957	145 67 181 179
1958	79 153 181 183
1959	174 159 17 87
1960	158 127 141 8
1961	77 200 70 110
1962	115 41 114 100
1963	12 192 98 112
1964	147 137 81 136
1965	63 38 106 32
1966	89 69 17 90
1967	27 68 47 11
1968	180 79 166 25
1969	190 91 55 8
1970	13 142 107 112
1971	85 32 139 26
1972	139 74 66 64
1973	28 59 125 162
1974	111 24 86 99
1975	18 35 195 65
1976	129 128 11 66
1977	3 25 15 74
1978	178 115 60 10
1979	157 164 148 33
1980	12 139 144 75
1981	181 142 66 185
1982	166 87 11 22
1983	52 82 1 123
1984	90 83 95 153
1985	3 164 85 82
1986	112 74 182 49
1987	198 147 108 66
1988	86 132 14 31
1989	41 120 173 143
1990	42 189 83 25
1991	125 59 188 166
1992	197 113 72 65
1993	47 124 156 87
1994	99 158 79 26
1995	149 7 127 22
1996	170 113 70 114
1997	170 71 167 110
1998	4 155 62 154
1999	135 190 50 54
2000	98 159 170 103
2001	99 46 62 82
2002	49 90 111 51
2003	6 41 152 17
2004	108 15 100 52
2005	15 124 81 100
2006	59 141 132 187
2007	104 56 49 136
2008	25 19 165 145
2009	77 87 116 169
2010	119 85 114 185
2011	49 99 151 157
2012	18 93 76 17
2013	105 191 92 146
2014	183 85 28 87
2015	126 31 144 41
2016	83 197 162 151
2017	60 52 186 75
2018	158 153 47 170
2019	160 29 141 56
2020	33 23 151 110
2021	104 144 78 193
2022	120 5 96 133
2023	58 192 150 89
2024	90 16 157 171
2025	46 23 90 154
2026	15 111 197 180
2027	73 85 110 27
2028	34 17 159 186
2029	40 77 114 50
2030	23 187 125 135
2031	80 139 45 119
2032	134 113 122 144
2033	77 5 78 56
2034	3 199 128 178
2035	9 39 93 87
2036	91 97 127 157
2037	10 124 149 3
2038	124 49 139 72
2039	32 131 46 185
2040	128 15 172 38
2041	162 26 126 198
2042	195 107 130 150
2043	147 70 72 79
2044	158 104 118 98
2045	159 162 125 80
2046	82 55 134 39
2047	48 152 40 62
2048	102 115 35 126
2049	182 106 150 49
2050	112 81 96 39
2051	122 194 35 112
2052	134 113 34 13
2053	118 38 65 99
2054	198 84 14 172
2055	76 65 97 61
2056	51 79 52 61
2057	127 164 12 50
2058	22 14 97 60
2059	41 7 62 49
2060	122 16 119 86
2061	179 49 175 122
2062	135 98 143 66
2063	12 168 165 138
2064	71 128 108 100
2065	120 185 103 83
2066	36 90 142 197
2067	177 19 58 127
2068	48 100 118 37
2069	187 132 85 11
2070	88 35 109 96
2071	84 69 157 20
2072	157 29 200 106
2073	58 52 32 9
2074	82 22 73 162
2075	70 153 63 90
2076	174 61 103 143
2077	177 5 191 6
2078	74 181 174 60
2079	97 47 83 108
2080	169 197 33 155
2081	32 191 105 28
2082	58 189 116 166
2083	34 189 175 2
2084	195 7 83 101
2085	27 120 73 81
2086	146 187 5 106
2087	145 22 50 82
2088	32 38 102 148
2089	64 156 179 2
2090	181 92 163 115
2091	131 117 84 37
2092	2 189 200 164
2093	166 70 158 128
2094	120 117 75 101
2095	88 61 112 2
2096	20 156 162 3
2097	68 185 81 155
2098	108 63 197 187
2099	164 32 157 95
2100	86 53 110 81
2101	147 200 109 126
2102	42 67 36 98
2103	133 106 9 99
2104	41 1 55 159
2105	157 30 85 139
2106	101 80 133 87
2107	169 130 6 12
2108	92 87 189 128
2109	71 49 104 19
2110	143 36 54 77
2111	140 87 25 14
2112	34 184 59 198
2113	172 162 140 46
2114	143 96 130 183
2115	197 102 139 87
2116	153 144 170 3
2117	4 164 74 86
2118	32 135 15 93
2119	111 52 133 64
2120	135 53 122 19
2121	188 125 41 160
2122	31 156 21 99
2123	45 58 135 155
2124	157 56 12 42
2125	200 153 104 191
2126	82 139 168 41
2127	37 150 95 187
2128	195 191 175 85
2129	166 23 96 53
2130	132 74 114 46
2131	18 111 187 33
2132	141 188 45 120
2133	181 162 44 97
2134	64 181 85 7
2135	118 115 192 200
2136	55 194 110 62
2137	132 130 139 33
2138	197 182 98 58
2139	111 189 112 6
2140	188 176 64 63
2141	8 160 197 198
2142	52 119 43 169
2143	38 137 154 177
2144	36 149 8 59
2145	121 182 113 168
2146	174 82 170 57
2147	152 186 84 30
2148	158 199 179 188
2149	128 24 31 123
2150	82 35 198 12
2151	8 71 19 85
2152	111 127 143 108
2153	198 111 44 33
2154	12 188 85 141
2155	141 95 183 3
2156	155 165 22 141
2157	89 49 42 179
2158	31 2 170 140
2159	62 197 184 178
2160	164 111 193 167
2161	192 128 21 167
2162	93 179 41 171
2163	114 63 27 179
2164	99 29 126 91
2165	14 23 175 54
2166	111 35 136 73
2167	14 194 145 76
2168	193 142 102 117
2169	35 28 181 43
2170	119 81 123 186
2171	131 98 140 136
2172	85 190 189 151
2173	132 195 102 70
2174	86 136 164 101
2175	7 198 24 33
2176	160 169 86 53
2177	199 28 11 35
2178	175 91 31 130
2179	100 122 159 40
2180	28 150 166 52
2181	198 69 98 95
2182	128 52 109 132
2183	79 176 70 172
2184	123 90 166 147
2185	20 57 101 48
2186	45 170 6 126
2187	79 174 164 163
2188	128 151 123 105
2189	66 194 27 5
2190	170 197 80 29
2191	4 185 111 110
2192	96 187 132 76
2193	158 141 67 126
2194	16 25 141 86
2195	188 100 53 65
2196	51 106 121 26
2197	13 128 94 163
2198	68 196 158 170
2199	9 143 182 198
2200	137 35 76 77
2201	72 194 24 145
2202	151 94 77 140
2203	56 190 1 91
2204	175 158 182 101
2205	102 181 166 86
2206	68 47 184 118
2207	70 116 5 16
2208	165 72 50 184
2209	199 189 126 124
2210	55 107 181 66
2211	130 177 168 145
2212	96 141 1 62
2213	72 200 83 143
2214	46 99 5 61
2215	172 94 68 47
2216	84 162 90 45
2217	146 99 97 148
2218	200 10 69 125
2219	13 159 155 96
2220	100 139 145 38
2221	58 112 158 177
2222	174 3 44 134
2223	83 126 80 74
2224	24 186 182 75
2225	183 151 149 125
2226	87 25 159 152
2227	119 108 87 79
2228	183 37 200 58
2229	75 27 129 126
2230	186 200 51 11
2231	127 140 104 115
2232	189 91 5 35
2233	149 97 200 13
2234	32 78 34 185
2235	183 128 19 190
2236	155 178 10 185
2237	3 74 169 126
2238	23 113 84 56
2239	151 76 194 14
2240	71 188 100 97
2241	194 104 7 100
2242	108 128 112 129
2243	133 191 70 88
2244	12 134 153 35
2245	163 183 86 83
2246	125 38 112 124
2247	149 7 66 146
2248	134 158 198 190
2249	195 73 140 36
2250	51 175 76 200
2251	79 37 40 175
2252	83 70 84 80
2253	132 20 11 56
2254	67 176 158 170
2255	139 54 17 74
2256	129 57 198 182
2257	159 35 138 164
2258	99 198 16 165
2259	125 167 149 54
2260	132 135 9 137
2261	188 14 16 191
2262	71 90 112 130
2263	131 66 195 113
2264	95 30 134 175
2265	137 13 41 191
2266	153 24 118 121
2267	87 138 128 149
2268	118 83 177 108
2269	26 82 126 196
2270	55 106 13 100
2271	87 184 155 187
2272	165 101 127 42
2273	42 46 151 21
2274	129 185 70 135
2275	182 185 93 11
2276	31 56 146 58
2277	53 105 170 122
2278	147 30 99 45
2279	13 56 73 69
2280	48 14 190 33
2281	83 29 49 185
2282	71 186 32 133
2283	159 160 90 21
2284	92 165 197 148
2285	49 53 59 142
2286	61 80 5 64
2287	101 16 137 166
2288	140 11 192 66
2289	110 15 1 184
2290	143 196 92 11
2291	1 76 128 39
2292	40 89 131 47
2293	18 159 91 177
2294	76 178 164 57
2295	83 106 63 113
2296	49 187 137 83
2297	109 31 78 140
2298	147 183 139 56
2299	118 139 127 186
2300	98 120 48 6
2301	47 6 120 102
2302	119 47 172 35
2303	100 45 92 86
2304	36 146 47 170
2305	40 163 199 83
2306	188 83 166 66
2307	113 179 199 194
2308	121 163 167 147
2309	148 139 95 32
2310	42 177 49 165
2311	183 49 192 102
2312	92 79 157 144
2313	111 10 197 159
2314	196 98 103 55
2315	4 180 189 1
2316	18 4 9 76
2317	192 91 75 185
2318	3 185 76 60
2319	47 194 151 34
2320	131 140 110 108
2321	195 23 196 72
2322	192 35 84 50
2323	19 5 146 99
2324	150 132 40 102
2325	27 143 200 26
2326	52 53 114 15
2327	102 32 60 28
2328	13 42 68 70
2329	78 198 16 56
2330	9 180 46 84
2331	39 27 49 144
2332	2 24 68 183
2333	87 97 147 185
2334	11 164 106 75
2335	172 148 99 19
2336	96 155 19 129
2337	55 61 92 72
2338	167 3 158 75
2339	25 140 73 114
2340	32 191 93 77
2341	192 179 143 63
2342	160 6 62 51
2343	30 172 113 56
2344	7 22 3 129
2345	150 11 16 132
2346	185 5 186 96
2347	84 91 96 117
2348	199 80 123 23
2349	28 159 58 7
2350	17 76 24 178
2351	43 137 80 133
2352	145 179 136 77
2353	93 142 195 63
2354	66 190 85 144
2355	124 189 161 164
2356	59 141 39 23
2357	25 196 56 171
2358	130 58 116 109
2359	41 75 178 12
2360	6 188 145 28
2361	116 39 134 184
2362	8 83 126 93
2363	147 122 172 188
2364	145 150 22 54
2365	118 109 129 151
2366	157 196 170 153
2367	83 176 146 167
2368	35 178 108 141
2369	102 42 31 28
2370	86 176 56 141
2371	128 173 138 14
2372	120 98 34 88
2373	95 164 186 103
2374	156 144 43 60
2375	51 186 37 116
2376	103 4 104 193
2377	166 87 200 179
2378	176 113 188 46
2379	141 128 66 196
2380	1 131 58 33
2381	36 86 26 39
2382	173 6 108 37
2383	145 149 66 68
2384	111 100 68 64
2385	171 18 4 148
2386	25 107 122 61
2387	56 184 190 191
2388	167 61 194 88
2389	141 199 68 198
2390	28 60 31 113
2391	4 7 56 170
2392	21 160 151 93
2393	93 70 18 170
2394	185 93 3 47
2395	95 153 55 200
2396	36 127 112 12
2397	44 181 159 2
2398	6 65 129 144
2399	128 140 174 56
2400	9 119 95 190
2401	112 27 104 40
2402	84 121 5 94
2403	157 72 132 122
2404	124 164 17 116
2405	147 84 148 56
2406	11 155 122 65
2407	200 43 145 101
2408	22 149 151 105
2409	66 157 74 149
2410	117 5 97 92
2411	174 164 187 50
2412	170 56 151 126
2413	103 38 126 199
2414	134 50 25 77
2415	180 198 144 120
2416	166 137 186 67
2417	58 124 34 159
2418	159 6 4 16
2419	139 37 137 140
2420	14 74 13 49
2421	32 200 83 34
2422	152 2 72 85
2423	135 180 73 39
2424	123 137 134 71
2425	46 119 171 38
2426	71 150 187 51
2427	165 132 91 161
2428	109 153 166 11
2429	24 185 108 162
2430	138 171 102 5
2431	135 189 165 81
2432	101 184 97 188
2433	27 170 73 88
2434	91 24 52 8
2435	199 112 23 132
2436	180 111 33 104
2437	165 67 84 99
2438	191 156 184 106
2439	150 199 161 108
2440	67 174 105 57
2441	34 132 15 54
2442	18 46 105 12
2443	81 153 195 59
2444	193 143 16 134
2445	193 37 117 187
2446	127 159 179 14
2447	122 172 55 133
2448	161 94 4 175
2449	44 167 55 103
2450	69 71 48 92
2451	158 147 141 89
2452	38 154 14 118
2453	112 196 141 22
2454	180 12 115 49
2455	92 51 137 181
2456	84 125 17 9
2457	76 68 139 130
2458	54 158 9 151
2459	195 114 19 136
2460	180 164 43 166
2461	54 110 70 131
2462	110 44 160 124
2463	22 98 27 40
2464	19 62 116 183
2465	20 139 104 75
2466	79 44 175 61
2467	96 63 54 198
2468	102 196 113 20
2469	70 165 192 156
2470	144 178 105 5
2471	190 121 24 55
2472	172 55 179 72
2473	171 34 42 37
2474	99 15 17 117
2475	62 176 45 23
2476	51 166 58 5
2477	22 185 116 24
2478	177 17 46 152
2479	108 178 195 200
2480	183 169 57 66
2481	116 13 171 114
2482	34 46 165 49
2483	7 33 197 22
2484	12 177 19 65
2485	13 63 30 117
2486	162 146 7 55
2487	156 16 139 127
2488	8 199 168 159
2489	164 114 72 3
2490	184 89 52 39
2491	168 106 157 51
2492	104 21 64 130
2493	82 99 121 130
2494	191 171 95 142
2495	109 127 87 182
2496	109 27 146 128
2497	143 195 151 4
2498	150 80 191 18
2499	169 158 4 147
2500	131 86 42 192
2501	196 38 75 6
2502	120 89 117 27
2503	19 115 3 25
2504	81 36 69 115
2505	177 142 4 188
2506	145 140 46 73
2507	29 130 150 72
2508	181 178 149 76
2509	139 125 14 68
2510	169 178 168 140
2511	165 59 124 117
2512	50 130 195 62
2513	103 80 14 128
2514	194 28 121 62
2515	154 11 159 34
2516	186 48 76 136
2517	164 64 130 123
2518	114 132 175 119
2519	198 146 132 139
2520	132 88 112 75
2521	131 113 56 189
2522	138 157 144 106
2523	133 135 74 13
2524	41 4 115 135
2525	61 82 126 176
2526	143 77 67 156
2527	19 48 69 120
2528	22 53 25 176
2529	45 200 36 92
2530	169 49 130 74
2531	153 131 130 1
2532	92 10 56 194
2533	113 140 71 174
2534	96 187 168 152
2535	175 173 80 124
2536	5 156 99 190
2537	132 18 86 180
2538	9 41 126 133
2539	188 194 162 68
2540	92 154 197 137
2541	30 180 165 112
2542	6 5 114 184
2543	46 75 98 18
2544	81 162 149 64
2545	151 125 129 76
2546	36 143 131 55
2547	29 161 197 154
2548	125 5 141 119
2549	164 115 116 176
2550	35 168 1 180
2551	157 134 171 8
2552	116 55 179 129
2553	22 105 96 47
2554	50 157 91 189
2555	81 120 131 77
2556	6 142 106 34
2557	108 65 40 41
2558	100 38 54 107
2559	81 3 124 52
2560	112 42 81 187
2561	156 11 122 154
2562	189 139 69 186
2563	15 20 200 70
2564	41 164 25 16
2565	181 128 162 13
2566	98 129 123 165
2567	59 115 54 38
2568	89 90 173 140
2569	115 195 189 111
2570	86 130 95 191
2571	172 8 137 135
2572	65 78 162 120
2573	84 195 37 119
2574	22 52 107 98
2575	25 172 178 44
2576	96 94 54 103
2577	31 145 137 172
2578	23 185 190 32
2579	175 120 123 47
2580	170 108 88 51
2581	109 185 46 75
2582	49 200 107 132
2583	77 102 164 36
2584	168 159 154 189
2585	33 179 102 22
2586	99 39 23 35
2587	25 198 40 160
2588	45 97 104 174
2589	60 34 29 75
2590	40 65 76 100
2591	57 38 10 13
2592	175 31 58 160
2593	57 60 77 46
2594	110 121 148 59
2595	154 122 65 27
2596	161 111 28 10
2597	125 84 179 59
2598	71 37 14 48
2599	34 62 185 97
2600	171 95 143 116
2601	103 44 179 28
2602	15 2 76 56
2603	49 50 3 34
2604	127 91 25 174
2605	51 174 170 67
2606	42 198 158 170
2607	100 31 7 94
2608	140 153 82 199
2609	141 11 2 71
2610	88 158 148 107
2611	47 53 10 89
2612	146 66 14 174
2613	176 163 173 187
2614	155 133 28 80
2615	162 143 20 169
2616	108 129 160 86
2617	42 6 184 185
2618	25 37 74 160
2619	69 200 182 94
2620	65 26 59 185
2621	186 86 197 85
2622	70 19 38 8
2623	108 167 190 151
2624	200 191 120 184
2625	16 159 32 6
2626	73 55 99 29
2627	144 131 94 126
2628	30 60 167 33
2629	144 158 152 175
2630	10 26 27 69
2631	58 159 198 93
2632	17 39 105 163
2633	62 71 168 82
2634	157 126 77 181
2635	29 174 198 132
2636	26 169 32 74
2637	155 157 189 197
2638	150 86 169 61
2639	132 25 108 137
2640	68 102 189 191
2641	38 173 36 167
2642	100 166 173 16
2643	66 157 17 116
2644	56 47 196 155
2645	31 145 166 190
2646	72 91 163 140
2647	38 129 154 49
2648	115 13 49 182
2649	35 64 1 184
2650	127 185 143 63
2651	119 92 172 21
2652	57 112 25 148
2653	142 131 17 166
2654	149 195 27 63
2655	191 175 43 169
2656	81 127 80 136
2657	130 35 199 136
2658	144 133 66 189
2659	105 182 83 9
2660	31 177 14 83
2661	187 103 193 145
2662	142 200 96 74
2663	62 74 92 198
2664	163 38 62 191
2665	97 31 79 94
2666	18 39 134 9
2667	47 136 168 159
2668	20 50 123 54
2669	111 70 176 151
2670	87 46 92 135
2671	14 181 188 115
2672	97 118 5 58
2673	3 197 45 90
2674	170 124 52 86
2675	79 126 187 31
2676	34 108 100 49
2677	136 93 46 140
2678	36 77 30 122
2679	75 193 37 48
2680	176 157 51 169
2681	174 179 16 23
2682	177 58 179 160
2683	14 161 87 147
2684	141 197 126 167
2685	188 16 49 52
2686	200 168 126 164
2687	88 15 103 173
2688	79 37 170 12
2689	68 56 144 176
2690	14 109 100 26
2691	41 129 142 184
2692	135 169 124 194
2693	91 44 101 146
2694	93 4 76 34
2695	27 132 158 176
2696	64 39 172 120
2697	31 98 125 3
2698	120 189 192 52
2699	105 131 187 23
2700	88 65 94 131
2701	3 101 12 72
2702	55 42 15 6
2703	180 116 18 152
2704	161 179 118 128
2705	79 95 104 42
2706	132 98 28 150
2707	7 6 66 28
2708	136 145 128 101
2709	103 79 86 135
2710	176 168 43 61
2711	173 116 29 181
2712	113 178 150 173
2713	136 146 111 144
2714	97 160 13 69
2715	195 185 172 49
2716	6 116 112 57
2717	153 193 140 74
2718	180 102 96 90
2719	115 38 152 75
2720	191 198 135 151
2721	25 170 123 71
2722	127 103 128 21
2723	147 114 105 22
2724	35 123 58 199
2725	53 93 162 177
2726	19 187 82 78
2727	33 98 130 165
2728	195 90 187 150
2729	95 133 80 57
2730	102 180 155 121
2731	72 37 81 61
2732	105 118 63 14
2733	106 99 141 108
2734	185 11 62 198
2735	61 58 179 183
2736	195 100 103 59
2737	73 116 200 25
2738	25 107 171 30
2739	19 55 10 151
2740	102 100 155 51
2741	106 47 136 140
2742	145 126 163 97
2743	24 56 21 158
2744	172 56 89 113
2745	41 104 79 64
2746	186 152 135 36
2747	1 46 25 78
2748	140 141 164 49
2749	9 133 8 41
2750	121 79 132 109
2751	90 59 136 178
2752	188 37 172 15
2753	42 128 111 50
2754	151 13 122 156
2755	120 3 134 197
2756	181 69 17 61
2757	46 149 1 176
2758	104 134 97 87
2759	136 188 24 155
2760	171 22 154 139
2761	97 63 162 40
2762	117 27 23 190
2763	161 46 43 180
2764	106 119 86 161
2765	36 137 181 15
2766	79 38 59 56
2767	158 88 76 167
2768	35 124 177 63
2769	193 111 32 185
2770	44 40 41 164
2771	8 92 79 32
2772	146 138 101 83
2773	46 117 101 99
2774	190 85 24 129
2775	45 182 32 96
2776	141 195 8 123
2777	121 28 200 87
2778	172 182 132 62
2779	81 115 87 37
2780	187 79 2 115
2781	7 24 98 60
2782	82 131 161 133
2783	39 79 99 154
2784	34 143 30 105
2785	121 37 194 156
2786	47 24 151 94
2787	47 51 106 182
2788	8 153 146 151
2789	10 142 18 33
2790	121 67 179 108
2791	116 3 192 110
2792	76 73 114 38
2793	48 9 119 140
2794	173 65 86 96
2795	171 86 199 130
2796	194 143 195 27
2797	197 171 132 92
2798	120 136 94 73
2799	37 187 10 83
2800	34 37 5 137
2801	198 131 68 141
2802	125 85 134 152
2803	68 100 177 26
2804	7 165 167 81
2805	162 161 138 4
2806	195 108 129 197
2807	120 189 116 185
2808	165 23 163 29
2809	10 121 44 123
2810	90 162 159 126
2811	38 91 148 14
2812	9 118 192 57
2813	63 42 137 114
2814	105 167 51 110
2815	70 45 96 134
2816	93 100 154 140
2817	110 106 105 200
2818	118 66 24 194
2819	89 79 23 168
2820	128 131 64 24
2821	146 69 63 66
2822	159 31 29 77
2823	119 155 124 136
2824	196 197 100 175
2825	34 54 19 28
2826	11 119 108 75
2827	145 196 52 141
2828	74 113 110 19
2829	170 70 92 75
2830	194 179 128 113
2831	21 198 2 114
2832	174 31 77 163
2833	97 66 142 165
2834	126 19 96 61
2835	138 54 108 18
2836	1 83 52 127
2837	58 2 109 22
2838	133 105 127 158
2839	173 181 5 18
2840	131 79 173 178
2841	131 20 3 135
2842	198 144 154 153
2843	85 97 5 90
2844	122 3 174 75
2845	40 114 147 97
2846	6 87 169 193
2847	171 119 13 87
2848	44 96 94 41
2849	175 77 118 94
2850	19 176 193 52
2851	39 170 38 161
2852	7 101 57 22
2853	18 88 80 153
2854	178 137 15 103
2855	49 28 181 130
2856	74 31 94 34
2857	142 107 75 186
2858	52 14 98 99
2859	73 142 31 165
2860	122 71 87 53
2861	166 131 152 89
2862	117 61 157 79
2863	71 193 66 21
2864	149 71 152 193
2865	182 38 84 40
2866	44 190 97 117
2867	175 22 37 156
2868	177 21 171 12
2869	31 132 155 157
2870	58 54 64 92
2871	129 195 178 21
2872	148 75 125 188
2873	101 83 141 163
2874	177 66 44 182
2875	163 47 130 23
2876	167 13 199 105
2877	101 185 36 19
2878	74 13 117 17
2879	162 136 174 90
2880	94 28 149 72
2881	188 168 130 93
2882	174 67 168 154
2883	196 114 111 128
2884	199 141 135 189
2885	173 20 35 153
2886	20 92 145 120
2887	153 126 23 119
2888	56 52 186 27
2889	66 56 65 48
2890	41 180 16 118
2891	106 104 144 80
2892	169 160 79 105
2893	143 95 52 130
2894	54 124 50 187
2895	135 44 167 191
2896	192 21 154 5
2897	199 145 12 159
2898	130 148 128 93
2899	40 60 138 84
2900	188 31 148 106
2901	68 107 112 153
2902	49 41 195 35
2903	156 108 121 199
2904	125 121 60 49
2905	164 186 48 127
2906	86 112 17 103
2907	164 76 65 141
2908	32 78 155 93
2909	31 161 171 78
2910	70 15 69 87
2911	4 27 162 51
2912	112 6 45 175
2913	165 98 194 51
2914	129 155 10 60
2915	61 196 193 40
2916	140 17 44 145
2917	180 159 97 165
2918	186 33 63 39
2919	66 37 87 183
2920	134 179 18 82
2921	96 4 170 116
2922	113 137 78 44
2923	162 10 76 29
2924	128 112 52 124
2925	118 122 142 103
2926	27 75 164 70
2927	100 160 22 147
2928	148 49 131 5
2929	68 70 65 69
2930	141 152 51 128
2931	75 189 88 97
2932	160 68 151 2
2933	134 67 95 53
2934	61 140 21 162
2935	155 91 182 62
2936	32 75 86 5
2937	61 124 119 15
2938	23 131 71 47
2939	111 98 53 198
2940	108 179 118 82
2941	44 68 192 20
2942	7 118 30 184
2943	6 66 3 114
2944	94 46 80 194
2945	4 109 79 112
2946	122 9 113 22
2947	156 197 124 34
2948	200 26 37 153
2949	118 90 116 76
2950	52 120 135 25
2951	142 61 17 30
2952	78 103 198 68
2953	100 198 30 140
2954	96 84 188 196
2955	148 37 89 112
2956	177 94 53 131
2957	57 120 25 131
2958	30 65 8 94
2959	32 77 133 128
2960	176 33 56 101
2961	54 72 177 198
2962	57 110 188 134
2963	50 37 101 194
2964	80 169 123 106
2965	46 11 197 50
2966	159 131 63 69
2967	19 84 85 53
2968	25 113 129 74
2969	70 125 80 131
2970	25 60 148 153
2971	138 122 120 172
2972	76 93 163 128
2973	74 194 185 177
2974	161 149 42 168
2975	157 45 101 88
2976	169 121 22 140
2977	157 47 172 67
2978	55 76 172 122
2979	17 64 153 105
2980	180 150 15 99
2981	97 180 50 124
2982	116 126 7 98
2983	139 199 29 146
2984	170 117 51 168
2985	66 74 44 72
2986	144 195 3 169
2987	195 116 188 183
2988	91 54 178 199
2989	71 180 39 108
2990	156 4 14 152
2991	34 71 15 126
2992	92 66 52 79
2993	151 4 22 194
2994	29 159 130 8
2995	98 41 143 112
2996	35 46 7 159
2997	157 154 174 130
2998	83 148 177 182
2999	107 136 39 159
3000	31 34 95 72
